129 109 82 61 50 45 42 39 51 51 50 48 47 46 45 44 41 40 39 38 36 35 34 34 34 34 34 34 34 34 34 34 34 34 34 34 34 34 34 34 30 30 30 30 30 30 30 30 34 34 34 34 34 34 34 34 33 33 32 31 29 28 27 27 27 27 27 27 27 27 27 27 26 26 26 26 26 26 26 26 30 31 32 33 34 35 36 37 37 38 39 40 41 42 43 44 48 48 49 50 52 53 54 55 48 48 49 50 52 53 54 54 55 56 58 60 63 65 67 68 86 89 86 97 149 219 254 252 244 243 245 251 255 255 255 255 254 254 254 254 254 254 254 254 254
125 104 75 53 44 42 41 40 51 50 49 48 46 45 44 44 40 40 39 37 36 35 34 33 34 34 34 34 34 34 34 34 34 34 34 34 34 34 34 34 30 30 30 30 30 30 30 30 34 34 34 34 34 34 34 34 33 33 32 31 29 28 27 27 27 27 27 27 27 27 27 27 27 27 27 27 27 27 27 27 30 31 32 33 34 35 36 37 37 38 39 40 41 42 43 44 47 48 49 50 51 53 54 54 48 48 49 50 52 53 54 54 55 56 58 60 63 65 67 68 76 80 78 85 129 196 241 252 255 255 255 255 255 255 255 249 254 254 254 254 254 254 254 254 254
116 94 64 42 35 37 41 43 50 49 48 47 45 44 43 43 39 39 38 36 35 34 33 32 34 34 34 34 34 34 34 34 34 34 34 34 34 34 34 34 30 30 30 30 30 30 30 30 34 34 34 34 34 34 34 34 33 33 32 31 29 28 27 27 27 27 27 27 27 27 27 27 28 28 28 28 28 28 28 28 30 31 32 33 34 35 36 37 37 38 39 40 41 42 43 44 46 47 48 49 50 52 53 53 48 48 49 50 52 53 54 54 55 56 58 60 63 65 67 68 72 79 78 80 110 171 228 255 255 255 255 255 255 255 253 249 254 254 254 254 254 254 254 254 254
103 82 53 33 29 34 42 45 48 48 47 45 44 43 42 41 38 37 36 35 34 32 31 31 34 34 34 34 34 34 34 34 34 34 34 34 34 34 34 34 30 30 30 30 30 30 30 30 34 34 34 34 34 34 34 34 33 33 32 31 29 28 27 27 27 27 27 27 27 27 27 27 29 29 29 29 29 29 29 29 30 31 32 33 34 35 36 37 37 38 39 40 41 42 43 44 45 45 46 48 49 50 51 52 48 48 49 50 52 53 54 54 55 56 58 60 63 65 67 68 77 83 85 82 99 147 211 255 244 248 252 252 250 251 255 255 254 254 254 254 254 254 254 254 254
89 70 45 29 28 36 43 47 47 46 45 44 43 41 40 40 36 36 35 33 32 31 30 29 34 34 34 34 34 34 34 34 34 34 34 34 34 34 34 34 30 30 30 30 30 30 30 30 34 34 34 34 34 34 34 34 33 33 32 31 29 28 27 27 27 27 27 27 27 27 27 27 31 31 31 31 31 31 31 31 30 31 32 33 34 35 36 37 37 38 39 40 41 42 43 44 43 44 45 46 47 49 50 50 48 48 49 50 52 53 54 54 55 56 58 60 63 65 67 68 75 78 81 80 85 117 174 223 246 250 252 248 242 245 255 255 254 254 254 254 254 254 254 254 254
74 59 41 32 34 40 45 47 45 45 44 43 41 40 39 38 35 34 33 32 31 29 28 28 34 34 34 34 34 34 34 34 34 34 34 34 34 34 34 34 30 30 30 30 30 30 30 30 34 34 34 34 34 34 34 34 33 33 32 31 29 28 27 27 27 27 27 27 27 27 27 27 32 32 32 32 32 32 32 32 30 31 32 33 34 35 36 37 37 38 39 40 41 42 43 44 42 42 43 45 46 47 48 49 48 48 49 50 52 53 54 54 55 56 58 60 63 65 67 68 67 64 68 72 71 83 123 165 236 248 255 255 248 244 252 255 254 254 254 254 254 254 254 254 254
62 52 41 37 42 47 48 47 44 44 43 42 40 39 38 37 34 33 32 31 30 28 27 27 34 34 34 34 34 34 34 34 34 34 34 34 34 34 34 34 30 30 30 30 30 30 30 30 34 34 34 34 34 34 34 34 33 33 32 31 29 28 27 27 27 27 27 27 27 27 27 27 33 33 33 33 33 33 33 33 30 31 32 33 34 35 36 37 37 38 39 40 41 42 43 44 41 41 42 44 45 46 47 48 48 48 49 50 52 53 54 54 55 56 58 60 63 65 67 68 67 59 63 73 71 65 83 113 175 205 240 255 255 250 250 254 254 254 254 254 254 254 254 254 254
55 48 42 42 47 51 49 46 44 43 42 41 40 38 37 37 33 33 32 31 29 28 27 26 34 34 34 34 34 34 34 34 34 34 34 34 34 34 34 34 30 30 30 30 30 30 30 30 34 34 34 34 34 34 34 34 33 33 32 31 29 28 27 27 27 27 27 27 27 27 27 27 34 34 34 34 34 34 34 34 30 31 32 33 34 35 36 37 37 38 39 40 41 42 43 44 40 41 42 43 45 46 47 47 48 48 49 50 52 53 54 54 55 56 58 60 63 65 67 68 76 64 67 83 80 64 68 88 103 150 211 251 255 255 251 251 254 254 254 254 254 254 254 254 254
46 46 47 47 48 49 49 49 37 37 37 37 37 37 37 37 34 34 34 34 34 34 34 34 34 34 34 34 34 34 34 34 34 34 34 34 34 34 34 34 34 34 34 34 34 34 34 34 34 34 34 34 34 34 34 34 34 34 34 34 34 34 34 34 30 30 30 30 30 30 30 30 33 33 33 33 33 33 33 33 30 30 30 30 30 30 30 30 34 34 35 36 38 39 40 40 41 41 42 43 45 46 47 47 51 52 53 54 55 56 57 58 58 59 60 61 62 63 64 65 69 70 72 74 77 79 81 82 68 102 148 192 229 252 255 248 247 241 238 245 255 255 250 240 255
46 46 47 47 47 48 48 48 37 37 37 37 37 37 37 37 34 34 34 34 34 34 34 34 34 34 34 34 34 34 34 34 34 34 34 34 34 34 34 34 34 34 34 34 34 34 34 34 34 34 34 34 34 34 34 34 34 34 34 34 34 34 34 34 30 30 30 30 30 30 30 30 34 34 34 34 34 34 34 34 30 30 30 30 30 30 30 30 34 34 35 36 38 39 40 40 41 41 42 43 45 46 47 47 51 52 53 54 55 56 57 58 58 59 60 61 62 63 64 65 69 70 72 74 77 79 81 82 61 74 102 149 204 245 255 253 252 245 240 244 253 255 250 243 253
47 47 46 46 46 46 46 45 37 37 37 37 37 37 37 37 34 34 34 34 34 34 34 34 34 34 34 34 34 34 34 34 34 34 34 34 34 34 34 34 34 34 34 34 34 34 34 34 34 34 34 34 34 34 34 34 34 34 34 34 34 34 34 34 31 31 31 31 31 31 31 31 35 35 35 35 35 35 35 35 31 31 31 31 31 31 31 31 34 34 35 36 38 39 40 40 41 41 42 43 45 46 47 47 51 52 53 54 55 56 57 58 58 59 60 61 62 63 64 65 69 70 72 74 77 79 81 82 70 58 61 100 161 213 242 250 238 231 225 225 229 232 230 227 231
47 47 46 45 44 43 43 42 37 37 37 37 37 37 37 37 34 34 34 34 34 34 34 34 34 34 34 34 34 34 34 34 34 34 34 34 34 34 34 34 34 34 34 34 34 34 34 34 34 34 34 34 34 34 34 34 34 34 34 34 34 34 34 34 33 33 33 33 33 33 33 33 36 36 36 36 36 36 36 36 33 33 33 33 33 33 33 33 34 34 35 36 38 39 40 40 41 41 42 43 45 46 47 47 51 52 53 54 55 56 57 58 58 59 60 61 62 63 64 65 69 70 72 74 77 79 81 82 91 69 59 78 116 162 209 244 236 231 226 223 224 226 227 228 227
48 47 46 44 42 41 39 39 37 37 37 37 37 37 37 37 34 34 34 34 34 34 34 34 34 34 34 34 34 34 34 34 34 34 34 34 34 34 34 34 34 34 34 34 34 34 34 34 34 34 34 34 34 34 34 34 34 34 34 34 34 34 34 34 34 34 34 34 34 34 34 34 38 38 38 38 38 38 38 38 34 34 34 34 34 34 34 34 34 34 35 36 38 39 40 40 41 41 42 43 45 46 47 47 51 52 53 54 55 56 57 58 58 59 60 61 62 63 64 65 69 70 72 74 77 79 81 82 94 81 76 81 88 115 179 242 253 253 253 251 248 249 251 254 251
48 47 46 43 41 38 37 36 37 37 37 37 37 37 37 37 34 34 34 34 34 34 34 34 34 34 34 34 34 34 34 34 34 34 34 34 34 34 34 34 34 34 34 34 34 34 34 34 34 34 34 34 34 34 34 34 34 34 34 34 34 34 34 34 36 36 36 36 36 36 36 36 39 39 39 39 39 39 39 39 36 36 36 36 36 36 36 36 34 34 35 36 38 39 40 40 41 41 42 43 45 46 47 47 51 52 53 54 55 56 57 58 58 59 60 61 62 63 64 65 69 70 72 74 77 79 81 82 83 78 84 90 78 84 147 222 242 250 255 255 255 253 255 255 255
49 47 45 42 39 37 34 33 37 37 37 37 37 37 37 37 34 34 34 34 34 34 34 34 34 34 34 34 34 34 34 34 34 34 34 34 34 34 34 34 34 34 34 34 34 34 34 34 34 34 34 34 34 34 34 34 34 34 34 34 34 34 34 34 37 37 37 37 37 37 37 37 40 40 40 40 40 40 40 40 37 37 37 37 37 37 37 37 34 34 35 36 38 39 40 40 41 41 42 43 45 46 47 47 51 52 53 54 55 56 57 58 58 59 60 61 62 63 64 65 69 70 72 74 77 79 81 82 85 74 81 92 76 61 100 160 217 231 248 255 251 245 245 248 248
49 48 45 42 39 36 33 32 37 37 37 37 37 37 37 37 34 34 34 34 34 34 34 34 34 34 34 34 34 34 34 34 34 34 34 34 34 34 34 34 34 34 34 34 34 34 34 34 34 34 34 34 34 34 34 34 34 34 34 34 34 34 34 34 37 37 37 37 37 37 37 37 41 41 41 41 41 41 41 41 37 37 37 37 37 37 37 37 34 34 35 36 38 39 40 40 41 41 42 43 45 46 47 47 51 52 53 54 55 56 57 58 58 59 60 61 62 63 64 65 69 70 72 74 77 79 81 82 100 78 77 91 75 44 56 97 213 232 255 255 255 254 252 254 255
44 44 43 41 40 39 38 37 34 34 34 34 34 34 34 34 37 37 37 37 37 37 37 37 33 33 33 33 33 33 33 33 33 33 33 33 33 33 33 33 33 33 33 33 33 33 33 33 37 37 37 37 37 37 37 37 33 33 33 33 33 33 33 33 33 34 35 36 38 39 40 40 44 44 44 44 44 44 44 44 43 42 39 37 37 39 42 43 40 40 40 40 40 40 40 40 40 41 42 43 45 46 47 47 51 52 53 54 55 56 57 58 62 62 63 64 66 67 68 68 65 66 68 71 73 76 78 79 76 82 90 92 86 71 55 44 80 151 227 255 253 245 246 250 254
44 43 42 41 39 38 37 37 34 34 34 34 34 34 34 34 37 37 37 37 37 37 37 37 34 34 34 34 34 34 34 34 34 34 34 34 34 34 34 34 34 34 34 34 34 34 34 34 37 37 37 37 37 37 37 37 34 34 34 34 34 34 34 34 34 34 35 37 38 39 40 41 44 44 44 44 44 44 44 44 44 42 40 38 38 40 42 44 41 41 41 41 41 41 41 41 41 41 42 44 45 46 47 48 51 52 53 54 55 56 57 58 62 62 63 64 66 67 68 68 65 66 68 71 73 76 78 79 77 82 89 93 91 83 74 67 67 114 182 237 255 255 255 255 254
43 42 41 40 38 37 36 36 34 34 34 34 34 34 34 34 37 37 37 37 37 37 37 37 35 35 35 35 35 35 35 35 35 35 35 35 35 35 35 35 35 35 35 35 35 35 35 35 38 38 38 38 38 38 38 38 35 35 35 35 35 35 35 35 35 35 36 38 39 40 41 42 45 45 45 45 45 45 45 45 45 43 41 39 39 41 43 45 43 43 43 43 43 43 43 43 42 42 43 45 46 47 48 49 51 52 53 54 55 56 57 58 62 62 63 64 66 67 68 68 65 66 68 71 73 76 78 79 80 83 88 92 95 95 94 93 72 79 129 208 255 255 253 255 254
41 41 40 38 37 36 35 34 34 34 34 34 34 34 34 34 37 37 37 37 37 37 37 37 36 36 36 36 36 36 36 36 36 36 36 36 36 36 36 36 36 36 36 36 36 36 36 36 40 40 40 40 40 40 40 40 36 36 36 36 36 36 36 36 36 37 38 39 40 42 43 43 47 47 47 47 47 47 47 47 46 44 42 40 40 42 44 46 46 46 46 46 46 46 46 46 43 44 45 46 47 49 50 50 51 52 53 54 55 56 57 58 62 62 63 64 66 67 68 68 65 66 68 71 73 76 78 79 85 86 86 88 92 96 100 102 95 68 92 178 247 255 245 247 254
40 39 38 37 36 34 33 33 34 34 34 34 34 34 34 34 37 37 37 37 37 37 37 37 38 38 38 38 38 38 38 38 38 38 38 38 38 38 38 38 38 38 38 38 38 38 38 38 41 41 41 41 41 41 41 41 38 38 38 38 38 38 38 38 38 38 39 41 42 43 44 45 48 48 48 48 48 48 48 48 48 46 44 42 42 44 46 48 49 49 49 49 49 49 49 49 45 45 46 48 49 50 51 52 51 52 53 54 55 56 57 58 62 62 63 64 66 67 68 68 65 66 68 71 73 76 78 79 90 88 85 84 85 88 92 95 103 66 71 143 220 249 249 248 254
38 38 37 36 34 33 32 31 34 34 34 34 34 34 34 34 37 37 37 37 37 37 37 37 39 39 39 39 39 39 39 39 39 39 39 39 39 39 39 39 39 39 39 39 39 39 39 39 43 43 43 43 43 43 43 43 39 39 39 39 39 39 39 39 39 40 41 42 43 45 46 46 50 50 50 50 50 50 50 50 49 47 45 43 43 45 47 49 52 52 52 52 52 52 52 52 46 47 48 49 50 52 53 53 51 52 53 54 55 56 57 58 62 62 63 64 66 67 68 68 65 66 68 71 73 76 78 79 90 88 86 83 82 83 85 86 91 69 63 104 177 237 255 255 254
37 37 36 35 33 32 31 30 34 34 34 34 34 34 34 34 37 37 37 37 37 37 37 37 40 40 40 40 40 40 40 40 40 40 40 40 40 40 40 40 40 40 40 40 40 40 40 40 44 44 44 44 44 44 44 44 40 40 40 40 40 40 40 40 40 41 42 43 44 46 47 47 51 51 51 51 51 51 51 51 50 48 46 44 44 46 48 50 54 54 54 54 54 54 54 54 47 48 49 50 51 53 54 54 51 52 53 54 55 56 57 58 62 62 63 64 66 67 68 68 65 66 68 71 73 76 78 79 85 86 86 87 87 87 87 87 85 86 71 69 125 210 253 248 254
37 36 35 34 33 31 30 30 34 34 34 34 34 34 34 34 37 37 37 37 37 37 37 37 41 41 41 41 41 41 41 41 41 41 41 41 41 41 41 41 41 41 41 41 41 41 41 41 44 44 44 44 44 44 44 44 41 41 41 41 41 41 41 41 41 41 42 43 45 46 47 48 51 51 51 51 51 51 51 51 51 49 46 45 45 46 49 51 55 55 55 55 55 55 55 55 48 48 49 50 52 53 54 55 51 52 53 54 55 56 57 58 62 62 63 64 66 67 68 68 65 66 68 71 73 76 78 79 80 83 87 91 94 94 93 92 92 109 86 50 87 182 235 226 254
30 31 32 33 34 35 36 37 37 37 37 37 37 37 37 37 37 37 37 37 37 37 37 37 43 42 39 38 38 39 42 43 49 49 48 48 47 46 46 46 51 50 49 48 47 45 44 44 44 44 44 44 44 44 44 44 40 41 42 43 45 46 47 47 37 38 40 42 45 47 49 50 51 51 51 51 51 51 51 51 50 50 50 50 50 50 50 50 49 50 53 56 59 63 65 66 49 49 50 50 51 52 52 52 55 55 56 57 59 60 61 61 61 62 63 64 66 67 68 68 68 69 70 71 73 74 75 75 83 84 86 88 91 93 95 96 103 104 105 99 89 112 186 255 255
30 31 32 33 34 35 36 37 37 37 37 37 37 37 37 37 37 37 37 37 37 37 37 37 43 42 39 38 38 39 42 43 49 49 48 48 48 47 47 47 51 51 50 49 47 46 45 44 44 44 44 44 44 44 44 44 41 41 42 44 45 46 47 48 38 39 41 44 47 49 51 52 52 52 52 52 52 52 52 52 54 54 54 54 54 54 54 54 51 52 54 57 60 63 65 67 51 51 51 52 52 52 53 53 55 55 56 57 59 60 61 61 62 62 63 65 66 67 68 69 69 69 70 72 73 74 75 76 83 84 86 88 91 93 95 96 100 103 107 102 92 110 176 244 255
30 31 32 33 34 35 36 37 37 37 37 37 37 37 37 37 37 37 37 37 37 37 37 37 43 42 39 38 38 39 42 43 48 48 49 49 49 49 49 50 52 52 51 50 48 47 46 45 45 45 45 45 45 45 45 45 42 42 43 45 46 47 48 49 41 42 44 47 50 52 54 55 55 55 55 55 55 55 55 55 61 61 61 61 61 61 61 61 55 56 57 60 62 64 66 67 54 54 54 54 54 54 53 53 55 55 56 57 59 60 61 61 63 63 64 66 67 68 69 70 70 70 71 73 74 75 76 77 83 84 86 88 91 93 95 96 96 101 109 108 97 107 161 219 251
30 31 32 33 34 35 36 37 37 37 37 37 37 37 37 37 37 37 37 37 37 37 37 37 43 42 39 38 38 39 42 43 48 48 49 50 51 52 52 53 54 53 52 51 50 48 47 47 47 47 47 47 47 47 47 47 43 44 45 46 47 49 50 50 45 46 48 51 54 56 58 59 59 59 59 59 59 59 59 59 67 67 67 67 67 67 67 67 59 60 61 63 64 66 67 68 59 59 58 57 56 55 54 54 55 55 56 57 59 60 61 61 64 65 66 67 68 70 71 71 71 72 73 74 75 77 78 78 83 84 86 88 91 93 95 96 94 100 111 114 103 106 147 195 241
30 31 32 33 34 35 36 37 37 37 37 37 37 37 37 37 37 37 37 37 37 37 37 37 43 42 39 38 38 39 42 43 47 48 49 51 53 54 56 56 55 55 54 52 51 50 49 48 48 48 48 48 48 48 48 48 45 45 46 48 49 50 51 52 50 51 53 55 58 61 63 64 64 64 64 64 64 64 64 64 71 71 71 71 71 71 71 71 64 64 65 66 67 68 69 69 64 63 62 60 59 57 56 55 55 55 56 57 59 60 61 61 66 66 67 69 70 71 72 73 73 73 74 76 77 78 79 80 83 84 86 88 91 93 95 96 95 100 112 119 109 107 138 178 231
30 31 32 33 34 35 36 37 37 37 37 37 37 37 37 37 37 37 37 37 37 37 37 37 43 42 39 38 38 39 42 43 47 48 49 52 54 57 58 59 57 56 55 54 52 51 50 50 50 50 50 50 50 50 50 50 46 47 48 49 50 52 53 53 54 55 57 59 62 65 67 68 68 68 68 68 68 68 68 68 73 73 73 73 73 73 73 73 69 69 69 69 69 69 70 70 68 67 66 63 61 59 57 56 55 55 56 57 59 60 61 61 67 68 69 70 71 73 74 74 74 75 76 77 78 80 81 81 83 84 86 88 91 93 95 96 98 102 113 121 114 111 136 171 226
30 31 32 33 34 35 36 37 37 37 37 37 37 37 37 37 37 37 37 37 37 37 37 37 43 42 39 38 38 39 42 43 46 48 50 53 56 58 61 62 58 57 56 55 53 52 51 51 51 51 51 51 51 51 51 51 47 48 49 50 51 53 54 54 57 58 60 62 65 68 70 71 71 71 71 71 71 71 71 71 73 73 73 73 73 73 73 73 72 72 72 71 71 71 70 70 72 71 69 66 63 60 58 56 55 55 56 57 59 60 61 61 68 69 70 71 72 74 75 75 75 76 77 78 79 81 82 82 83 84 86 88 91 93 95 96 103 103 113 122 118 115 139 172 228
30 31 32 33 34 35 36 37 37 37 37 37 37 37 37 37 37 37 37 37 37 37 37 37 43 42 39 38 38 39 42 43 46 47 50 53 56 59 62 63 58 58 57 55 54 53 52 51 51 51 51 51 51 51 51 51 48 48 49 50 52 53 54 55 59 60 62 64 67 69 71 72 72 72 72 72 72 72 72 72 72 72 72 72 72 72 72 72 74 74 73 73 72 71 71 71 74 73 70 67 64 60 58 57 55 55 56 57 59 60 61 61 69 69 70 71 73 74 75 76 76 76 77 78 80 81 82 83 83 84 86 88 91 93 95 96 106 105 113 122 119 118 142 174 233
40 40 40 40 40 40 40 40 49 46 42 39 37 36 37 38 41 41 42 44 45 46 47 48 44 44 44 44 44 44 44 44 48 50 54 57 58 58 56 55 58 57 56 55 54 53 52 51 47 48 49 50 52 53 54 54 47 48 50 53 56 58 60 61 68 69 70 71 73 74 75 75 79 78 77 76 75 73 72 72 72 72 72 72 72 72 72 72 67 68 69 71 73 75 76 77 68 68 67 66 64 63 62 62 61 61 61 61 61 61 61 61 68 69 70 71 73 74 75 75 79 79 80 82 83 84 85 86 89 90 91 92 94 95 96 96 99 98 106 117 117 118 141 171 237
41 41 41 41 41 41 41 41 48 45 42 38 37 37 38 39 40 40 41 42 44 45 46 46 44 44 44 44 44 44 44 44 48 51 54 57 59 58 57 55 58 57 56 55 54 53 52 51 48 48 49 51 52 53 54 55 48 49 51 54 57 59 61 62 69 69 70 72 73 74 75 76 79 79 78 77 75 74 73 72 72 72 72 72 72 72 72 72 68 68 70 71 73 74 76 76 68 68 67 66 64 63 62 62 62 62 62 62 62 62 62 62 69 69 70 72 73 74 75 76 79 80 81 82 84 85 86 86 90 90 91 93 94 95 96 97 100 98 106 118 118 118 141 172 236
42 42 42 42 42 42 42 42 46 44 41 38 37 38 39 41 38 39 40 41 42 44 45 45 45 45 45 45 45 45 45 45 50 52 55 58 60 59 58 56 58 57 56 55 54 53 52 51 49 49 50 52 53 54 55 56 50 51 53 56 59 61 63 64 70 70 71 73 74 75 76 77 80 80 79 78 76 75 74 73 72 72 72 72 72 72 72 72 69 70 70 71 73 74 74 75 68 68 67 66 64 63 62 62 64 64 64 64 64 64 64 64 70 70 71 73 74 75 76 77 80 81 82 83 85 86 87 87 91 91 92 94 95 96 97 98 101 99 107 119 119 119 142 173 235
43 43 43 43 43 43 43 43 44 43 40 38 37 39 41 42 39 39 40 41 43 44 45 45 47 47 47 47 47 47 47 47 51 53 57 60 61 60 59 58 58 57 56 55 54 53 52 51 50 51 52 53 54 56 57 57 53 54 56 59 61 64 66 67 71 72 73 74 75 77 78 78 82 81 80 79 78 76 75 75 72 72 72 72 72 72 72 72 71 71 71 72 72 73 73 73 68 68 67 66 64 63 62 62 67 67 67 67 67 67 67 67 71 72 73 74 75 77 78 78 82 82 83 85 86 87 88 89 92 93 94 95 96 98 99 99 102 100 109 120 120 121 144 174 234
45 45 45 45 45 45 45 45 42 41 39 37 38 40 43 44 41 42 43 44 46 47 48 48 48 48 48 48 48 48 48 48 52 55 58 61 62 62 60 59 58 57 56 55 54 53 52 51 52 52 53 55 56 57 58 59 56 57 59 62 64 67 69 70 73 73 74 76 77 78 79 80 83 83 82 80 79 78 77 76 72 72 72 72 72 72 72 72 73 73 73 72 72 71 71 71 68 68 67 66 64 63 62 62 70 70 70 70 70 70 70 70 73 73 74 76 77 78 79 80 83 84 85 86 87 89 90 90 94 94 95 97 98 99 100 101 103 102 110 122 122 122 145 175 232
46 46 46 46 46 46 46 46 41 39 38 37 38 41 44 46 46 47 48 49 51 52 53 53 50 50 50 50 50 50 50 50 54 56 59 62 64 63 62 61 58 57 56 55 54 53 52 51 53 54 55 56 57 59 60 60 59 60 62 64 67 70 72 73 74 75 76 77 78 80 81 81 85 84 83 82 80 79 78 78 72 72 72 72 72 72 72 72 75 74 74 73 71 70 70 69 68 68 67 66 64 63 62 62 73 73 73 73 73 73 73 73 74 75 76 77 78 80 81 81 85 85 86 87 89 90 91 92 95 96 97 98 99 101 102 102 105 103 112 123 123 124 146 177 231
47 47 47 47 47 47 47 47 39 38 37 37 38 42 45 48 52 52 53 55 56 57 58 59 51 51 51 51 51 51 51 51 55 57 60 63 65 64 63 62 58 57 56 55 54 53 52 51 54 55 56 57 58 60 61 61 61 62 64 66 69 72 74 75 75 76 77 78 79 81 82 82 86 85 84 83 81 80 79 79 72 72 72 72 72 72 72 72 76 76 74 73 71 70 68 68 68 68 67 66 64 63 62 62 75 75 75 75 75 75 75 75 75 76 77 78 79 81 82 82 86 86 87 88 90 91 92 93 96 97 98 99 100 102 103 103 106 104 113 124 124 125 147 178 230
48 48 48 48 48 48 48 48 38 37 36 37 39 42 46 49 55 56 57 58 60 61 62 62 51 51 51 51 51 51 51 51 55 57 61 64 65 65 63 62 58 57 56 55 54 53 52 51 55 55 56 57 59 60 61 62 62 63 65 67 70 73 75 76 76 76 77 78 80 81 82 83 86 86 85 83 82 81 80 79 72 72 72 72 72 72 72 72 77 76 75 73 71 69 68 67 68 68 67 66 64 63 62 62 76 76 76 76 76 76 76 76 76 76 77 78 80 81 82 83 86 87 88 89 90 92 93 93 97 97 98 99 101 102 103 104 106 105 113 125 125 125 148 178 229
40 40 40 40 40 40 40 40 44 41 38 37 39 44 50 54 54 57 63 67 67 65 60 57 52 52 51 51 50 49 49 49 65 65 65 65 65 65 65 65 54 54 54 54 54 54 54 54 58 58 59 60 62 63 64 65 68 69 70 71 72 74 75 75 82 82 82 82 82 82 82 82 82 82 82 82 82 82 82 82 80 79 78 76 74 72 71 70 79 79 79 79 79 79 79 79 75 75 74 72 71 70 69 68 72 72 73 75 76 77 78 79 79 79 80 82 83 84 85 86 84 86 88 91 95 98 100 101 97 99 102 105 107 106 105 104 104 106 110 115 120 125 129 131 217
41 41 41 41 41 41 41 41 42 41 39 39 42 48 55 59 59 61 65 67 67 64 59 56 51 52 52 52 53 53 54 54 66 66 66 66 66 66 66 66 56 56 56 56 56 56 56 56 59 60 61 62 63 65 66 66 69 70 71 72 74 75 76 76 83 83 83 83 83 83 83 83 83 83 83 83 83 83 83 83 81 80 79 78 76 74 73 72 80 80 80 80 80 80 80 80 77 76 75 74 73 71 70 70 73 73 74 76 77 78 79 80 80 80 81 83 84 85 86 87 86 87 89 92 95 98 100 101 98 100 104 107 108 107 106 105 105 107 110 115 119 124 127 129 205
43 43 43 43 43 43 43 43 40 40 41 44 49 56 62 66 67 68 69 69 66 63 58 56 51 52 54 56 58 60 62 62 68 68 68 68 68 68 68 68 60 60 60 60 60 60 60 60 62 63 64 65 67 68 69 69 71 72 73 74 76 77 78 78 84 84 84 84 84 84 84 84 84 84 84 84 84 84 84 84 83 82 81 80 79 78 77 77 83 83 83 83 83 83 83 83 80 79 78 77 76 74 73 73 75 75 76 78 79 80 81 82 82 82 83 85 86 87 88 89 88 89 91 93 96 98 100 101 100 102 106 109 110 110 108 107 107 108 111 114 118 121 124 125 193
46 46 46 46 46 46 46 46 41 42 46 51 57 63 69 72 75 74 72 70 66 63 59 57 53 55 57 60 64 67 69 71 71 71 71 71 71 71 71 71 66 66 66 66 66 66 66 66 66 67 68 69 71 72 73 73 74 75 76 77 78 80 81 81 85 85 85 85 85 85 85 85 85 85 85 85 85 85 85 85 85 85 84 84 84 83 83 83 87 87 87 87 87 87 87 87 84 83 82 81 80 78 77 77 78 78 79 80 82 83 84 85 85 85 86 87 89 90 91 92 91 92 93 95 97 98 100 100 103 105 108 111 113 112 111 110 109 110 112 114 116 118 119 120 190
49 49 49 49 49 49 49 49 44 47 53 59 65 70 74 75 80 78 74 71 67 65 63 62 59 61 63 66 70 73 75 77 73 73 73 73 73 73 73 73 71 71 71 71 71 71 71 71 71 71 72 73 75 76 77 78 77 77 78 80 81 82 83 84 87 87 87 87 87 87 87 87 87 87 87 87 87 87 87 87 87 87 88 88 88 89 89 89 92 92 92 92 92 92 92 92 88 88 87 85 84 83 82 81 80 81 82 83 85 86 87 87 87 88 89 90 92 93 94 94 95 95 96 97 98 99 99 100 106 108 111 114 116 115 114 112 112 112 112 113 114 114 115 115 192
52 52 52 52 52 52 52 52 50 54 60 67 72 75 76 76 81 79 74 71 68 68 69 70 68 68 70 72 74 76 78 79 76 76 76 76 76 76 76 76 77 77 77 77 77 77 77 77 75 75 76 77 79 80 81 82 80 80 81 82 84 85 86 87 88 88 88 88 88 88 88 88 88 88 88 88 88 88 88 88 89 90 91 92 93 94 95 95 96 96 96 96 96 96 96 96 92 92 91 89 88 87 86 85 83 84 85 86 87 89 90 90 90 91 92 93 94 96 97 97 98 98 98 98 99 99 99 99 108 110 114 117 118 118 116 115 114 114 113 112 111 111 110 110 189
54 54 54 54 54 54 54 54 57 61 68 74 77 77 75 74 81 78 73 70 70 72 76 78 76 76 77 77 78 78 78 79 78 78 78 78 78 78 78 78 81 81 81 81 81 81 81 81 78 78 79 81 82 83 84 85 82 82 83 84 86 87 88 89 89 89 89 89 89 89 89 89 89 89 89 89 89 89 89 89 91 92 93 94 96 98 99 100 99 99 99 99 99 99 99 99 95 95 94 92 91 90 89 88 85 86 87 88 89 91 92 92 92 93 94 95 96 98 99 99 100 100 100 100 99 99 99 99 110 113 116 119 120 120 118 117 116 115 114 112 110 108 107 106 177
55 55 55 55 55 55 55 55 62 66 72 77 79 78 75 72 80 77 72 70 70 74 80 83 81 81 81 80 79 79 78 78 79 79 79 79 79 79 79 79 83 83 83 83 83 83 83 83 79 80 81 82 84 85 86 86 83 83 84 86 87 88 89 90 90 90 90 90 90 90 90 90 90 90 90 90 90 90 90 90 92 93 94 96 98 100 101 102 100 100 100 100 100 100 100 100 97 96 95 94 93 91 90 90 86 87 88 89 90 92 93 93 93 94 95 96 97 99 100 100 102 102 101 100 100 99 99 99 111 114 117 120 121 121 120 118 117 116 114 112 109 107 105 104 165
59 59 60 61 61 62 63 63 77 78 79 81 83 85 87 87 82 82 82 82 82 82 82 82 79 79 79 79 79 79 79 79 79 79 80 81 83 84 85 85 89 89 89 89 89 89 89 89 85 86 87 88 90 91 92 92 93 93 93 93 93 93 93 93 96 96 96 96 96 96 96 96 96 96 96 96 96 96 96 96 98 99 101 102 105 106 108 109 100 100 100 100 100 100 100 100 100 100 100 100 100 100 100 100 97 97 97 97 97 97 97 97 93 94 95 96 97 99 100 100 102 102 102 103 104 105 105 105 107 110 115 119 122 122 122 121 119 115 113 115 117 112 100 90 156
60 61 61 62 63 64 65 65 79 80 81 82 84 86 87 88 83 83 83 83 83 83 83 83 79 79 79 79 79 79 79 79 79 80 81 83 85 87 89 90 91 91 91 91 91 91 91 91 88 88 89 91 92 93 94 95 94 94 94 94 94 94 94 94 97 97 97 97 97 97 97 97 97 97 97 97 97 97 97 97 99 100 101 103 104 106 107 108 100 100 100 100 100 100 100 100 99 99 99 99 99 99 99 99 96 96 96 96 96 96 96 96 93 93 94 95 97 98 99 100 101 101 102 103 104 105 106 106 108 111 115 119 122 123 123 122 119 116 113 115 117 113 103 94 151
62 62 64 65 67 68 69 70 83 83 84 85 86 87 88 88 84 84 84 84 84 84 84 84 80 80 80 80 80 80 80 80 79 80 83 86 89 93 95 96 93 93 93 93 93 93 93 93 91 92 93 94 95 97 98 98 96 96 96 96 96 96 96 96 99 99 99 99 99 99 99 99 99 99 99 99 99 99 99 99 101 101 102 103 104 105 106 106 99 99 99 99 99 99 99 99 97 97 97 97 97 97 97 97 94 94 94 94 94 94 94 94 92 92 93 94 96 97 98 99 99 100 101 103 104 106 107 108 109 112 116 120 123 124 124 123 120 116 113 115 118 116 108 100 147
64 65 66 69 71 73 75 76 87 87 87 88 88 89 89 89 85 85 85 85 85 85 85 85 82 82 82 82 82 82 82 82 80 82 85 88 92 96 98 100 94 94 94 94 94 94 94 94 94 94 95 96 98 99 100 101 99 99 99 99 99 99 99 99 102 102 102 102 102 102 102 102 102 102 102 102 102 102 102 102 103 103 103 103 104 104 104 104 97 97 97 97 97 97 97 97 94 94 94 94 94 94 94 94 91 91 91 91 91 91 91 91 90 91 92 93 94 96 97 97 98 98 100 102 105 107 109 109 110 113 118 122 125 125 125 124 121 116 113 115 120 120 115 109 151
66 67 70 73 76 79 81 82 92 92 92 91 91 90 90 90 87 87 87 87 87 87 87 87 83 83 83 83 83 83 83 83 82 84 86 89 92 94 97 98 93 93 93 93 93 93 93 93 94 94 95 96 98 99 100 101 101 101 101 101 101 101 101 101 105 105 105 105 105 105 105 105 105 105 105 105 105 105 105 105 104 104 104 104 103 103 103 103 96 96 96 96 96 96 96 96 92 92 92 92 92 92 92 92 88 88 88 88 88 88 88 88 89 89 90 92 93 94 95 96 96 97 99 102 105 108 110 111 112 115 119 123 126 127 126 126 122 117 112 115 121 124 122 118 160
68 70 73 76 80 84 86 88 96 96 95 94 93 92 91 91 88 88 88 88 88 88 88 88 85 85 85 85 85 85 85 85 85 85 86 87 88 89 90 90 89 89 89 89 89 89 89 89 91 92 93 94 95 97 98 98 104 104 104 104 104 104 104 104 108 108 108 108 108 108 108 108 108 108 108 108 108 108 108 108 106 106 105 104 103 102 101 101 94 94 94 94 94 94 94 94 89 89 89 89 89 89 89 89 85 85 85 85 85 85 85 85 87 88 89 90 92 93 94 94 94 95 98 102 105 109 112 113 113 116 120 125 127 128 128 127 123 117 112 115 122 128 129 126 168
70 72 75 79 83 88 91 92 100 99 98 97 95 93 92 91 89 89 89 89 89 89 89 89 86 86 86 86 86 86 86 86 87 87 86 85 84 83 82 81 85 85 85 85 85 85 85 85 88 88 89 91 92 93 94 95 106 106 106 106 106 106 106 106 110 110 110 110 110 110 110 110 110 110 110 110 110 110 110 110 108 107 106 104 103 101 100 99 93 93 93 93 93 93 93 93 87 87 87 87 87 87 87 87 83 83 83 83 83 83 83 83 86 87 88 89 91 92 93 93 92 94 97 101 106 110 113 115 114 117 121 126 128 129 129 128 124 117 112 114 123 131 134 133 171
71 73 76 81 85 90 93 95 102 101 100 98 96 94 92 92 90 90 90 90 90 90 90 90 86 86 86 86 86 86 86 86 89 88 86 83 81 78 76 75 82 82 82 82 82 82 82 82 85 86 87 88 90 91 92 92 107 107 107 107 107 107 107 107 111 111 111 111 111 111 111 111 111 111 111 111 111 111 111 111 109 108 106 105 102 101 99 98 93 93 93 93 93 93 93 93 86 86 86 86 86 86 86 86 82 82 82 82 82 82 82 82 86 86 87 89 90 91 92 93 91 93 97 101 106 110 114 116 115 118 122 126 129 130 129 129 124 118 112 114 124 133 137 136 171
59 71 86 95 95 92 93 95 96 96 95 94 92 91 90 90 88 88 87 87 86 85 85 85 80 80 80 80 80 80 80 80 87 87 86 84 83 82 81 80 76 76 77 79 80 81 82 83 79 80 82 85 88 90 92 93 97 98 100 102 105 108 110 111 111 111 111 111 111 111 111 111 107 107 107 107 107 107 107 107 104 103 102 101 99 98 97 97 93 92 91 90 89 88 87 86 86 86 86 86 86 86 86 86 79 79 79 79 79 79 79 79 71 74 79 83 87 88 88 88 92 93 96 99 102 105 108 109 117 117 118 120 124 129 135 138 116 114 111 111 113 119 126 130 164
60 72 87 95 95 93 94 96 96 96 95 94 92 91 90 90 90 89 88 86 84 82 81 80 75 75 75 75 75 75 75 75 74 74 74 73 73 72 72 71 75 75 76 77 79 80 81 82 78 79 81 84 87 89 91 92 96 97 99 101 104 107 109 110 110 110 110 110 110 110 110 110 107 107 107 107 107 107 107 107 103 103 102 100 99 98 97 96 93 92 91 90 89 88 87 86 86 86 86 86 86 86 86 86 82 82 81 80 79 79 78 78 73 76 80 85 88 89 89 88 90 92 94 97 100 103 105 106 116 116 117 120 124 129 134 136 115 113 111 111 114 119 125 129 160
61 73 88 96 96 94 95 97 96 96 95 94 92 91 90 90 92 91 88 85 81 78 75 74 69 69 69 69 69 69 69 69 67 67 67 68 69 69 70 70 73 73 74 75 77 78 79 80 76 77 79 82 85 87 89 90 94 95 97 99 102 105 107 108 108 108 108 108 108 108 108 108 106 106 106 106 106 106 106 106 102 102 101 99 98 97 96 95 93 92 91 90 89 88 87 86 86 86 86 86 86 86 86 86 87 86 85 83 81 79 78 77 76 79 83 87 90 90 90 89 88 89 91 94 96 98 100 101 113 114 117 121 125 129 132 134 112 112 111 111 114 119 123 126 152
62 74 89 98 98 95 96 98 96 96 95 94 92 91 90 90 93 91 87 83 78 74 70 68 64 64 64 64 64 64 64 64 70 70 71 72 73 74 75 75 70 70 71 73 74 75 76 77 74 75 77 79 82 84 86 87 91 92 94 97 99 102 104 105 105 105 105 105 105 105 105 105 104 104 104 104 104 104 104 104 101 100 99 98 97 95 94 94 93 92 91 90 89 88 87 86 86 86 86 86 86 86 86 86 91 90 88 86 83 81 79 78 81 83 87 90 92 92 91 90 88 89 90 92 93 95 96 97 110 112 117 121 126 128 130 130 109 109 110 112 115 118 121 123 144
63 76 91 99 99 97 97 99 96 96 95 94 92 91 90 90 90 88 84 80 75 71 67 65 64 64 64 64 64 64 64 64 70 71 71 71 71 72 72 72 67 68 69 70 71 73 74 74 71 72 74 76 79 81 83 84 88 89 91 94 96 99 101 102 102 102 102 102 102 102 102 102 103 103 103 103 103 103 103 103 99 99 98 96 95 94 93 92 93 92 91 90 89 88 87 86 86 86 86 86 86 86 86 86 92 91 90 88 87 85 84 83 86 88 91 93 94 94 92 90 90 90 91 92 93 94 95 95 106 110 116 122 126 128 127 127 105 107 110 113 116 118 119 119 139
65 77 92 100 100 98 99 101 96 96 95 94 92 91 90 90 84 83 80 77 73 70 67 66 69 69 69 69 69 69 69 69 68 68 67 65 63 62 61 60 64 65 66 67 69 70 71 71 68 69 71 73 76 79 81 82 85 86 88 91 94 96 98 99 99 99 99 99 99 99 99 99 101 101 101 101 101 101 101 101 98 97 96 95 94 92 91 91 93 92 91 90 89 88 87 86 86 86 86 86 86 86 86 86 89 90 90 90 90 91 91 91 90 92 94 96 97 95 93 91 94 94 94 95 95 95 95 95 102 108 116 123 127 127 125 123 102 105 109 114 117 117 116 116 136
66 78 93 101 101 99 100 102 96 96 95 94 92 91 90 90 78 77 76 74 72 70 69 68 75 75 75 75 75 75 75 75 77 75 72 69 65 61 58 57 62 63 64 65 67 68 69 69 66 67 69 71 74 77 79 80 83 84 86 89 92 94 96 97 97 97 97 97 97 97 97 97 100 100 100 100 100 100 100 100 97 96 95 94 93 91 90 90 93 92 91 90 89 88 87 86 86 86 86 86 86 86 86 86 86 87 89 91 93 96 98 99 94 95 97 99 98 96 94 92 99 99 99 98 98 98 97 97 100 106 115 124 128 127 124 121 99 103 109 114 117 117 115 113 135
66 79 94 102 102 100 100 102 96 96 95 94 92 91 90 90 73 73 73 72 71 71 70 70 80 80 80 80 80 80 80 80 90 88 84 79 74 69 65 63 61 62 63 64 65 67 68 68 65 66 68 70 73 76 78 79 82 83 85 88 91 93 95 96 96 96 96 96 96 96 96 96 100 100 100 100 100 100 100 100 96 96 95 94 92 91 90 89 93 92 91 90 89 88 87 86 86 86 86 86 86 86 86 86 83 85 87 91 95 99 102 104 95 97 99 100 99 97 94 92 102 102 102 101 100 100 99 99 98 105 115 124 128 127 123 119 98 102 109 115 117 117 114 112 135
63 76 92 101 103 102 103 106 98 99 100 98 93 84 76 70 71 70 69 68 69 72 76 78 79 82 87 93 97 99 100 100 94 100 105 102 92 82 78 78 74 74 74 74 74 74 74 74 68 66 63 63 66 73 80 85 82 83 85 89 92 95 97 99 95 96 98 99 98 96 94 92 97 94 93 98 105 107 102 95 97 98 100 100 99 96 93 90 93 90 86 83 82 85 88 90 99 98 96 94 91 89 87 86 99 98 98 100 107 116 126 132 118 117 116 115 114 112 111 111 103 103 102 100 99 98 97 97 101 104 109 115 119 121 122 122 102 101 104 112 121 122 115 108 133
62 75 91 101 102 101 103 105 98 99 99 97 91 83 75 70 76 75 74 73 75 78 81 83 87 90 94 99 103 106 107 108 106 112 116 111 99 89 84 84 85 85 85 85 85 85 85 85 73 73 72 73 75 79 82 85 80 81 83 86 89 92 94 95 93 94 95 96 96 94 93 91 98 96 98 104 111 111 104 96 94 94 95 95 93 91 89 87 84 84 85 84 83 81 79 78 90 91 92 93 95 96 97 98 104 104 104 106 110 114 119 122 117 116 115 114 112 111 110 110 106 105 104 102 99 97 96 95 96 101 109 116 121 123 122 121 101 101 104 112 120 121 115 107 124
61 74 90 100 101 100 102 104 99 98 97 94 89 82 75 71 81 80 78 78 79 82 85 88 95 97 100 104 108 112 115 116 117 121 122 114 101 90 86 86 90 90 90 90 90 90 90 90 81 83 86 87 88 87 85 84 77 78 79 82 84 86 88 89 92 93 93 93 94 94 94 94 94 95 99 107 114 113 103 93 91 91 90 89 88 86 85 84 77 78 80 80 78 75 70 68 83 85 88 93 98 102 106 108 108 110 113 116 117 117 116 115 115 114 113 112 110 109 108 108 110 109 106 103 100 97 94 93 89 96 107 118 124 125 122 119 100 100 103 111 119 120 113 106 113
60 73 89 98 100 99 100 103 99 98 95 91 85 79 74 72 80 79 78 77 78 81 85 87 98 98 100 103 107 112 116 119 122 124 123 113 98 87 84 85 85 85 85 85 85 85 85 85 88 92 96 99 98 94 89 85 75 75 77 78 80 82 83 84 94 93 92 92 93 95 97 99 93 95 100 109 116 114 102 92 92 91 88 86 85 84 85 85 79 76 71 68 66 67 69 71 85 86 89 93 97 101 104 105 107 111 118 124 126 125 122 119 112 111 110 109 108 106 105 105 112 111 108 105 101 97 95 93 85 93 106 118 125 125 121 118 99 98 101 109 118 119 112 105 107
59 71 87 97 98 97 99 101 100 98 93 87 81 77 74 73 77 76 74 74 75 78 81 84 95 94 94 95 100 106 112 116 130 131 128 117 102 93 91 94 87 87 87 87 87 87 87 87 91 95 99 102 101 97 92 88 75 76 76 77 78 79 80 80 93 92 89 89 91 95 99 102 105 105 109 117 124 123 113 104 94 91 86 83 81 83 85 87 85 76 65 57 57 65 77 85 92 92 92 92 92 92 92 92 99 105 114 123 128 130 129 128 109 109 108 106 105 104 103 102 112 111 109 106 103 100 98 97 87 94 105 115 120 121 119 117 98 97 100 108 116 117 111 103 106
57 70 86 96 97 96 98 100 101 97 90 83 78 75 74 73 76 75 74 73 74 77 81 83 93 91 89 89 93 101 109 114 136 136 132 121 107 100 101 105 94 94 94 94 94 94 94 94 90 91 94 96 96 95 94 92 78 78 78 79 79 79 79 79 85 83 79 78 81 87 93 98 118 115 114 118 125 127 123 117 90 86 80 75 73 76 80 83 83 76 66 60 63 74 87 97 95 94 92 89 85 83 80 79 90 94 101 109 116 121 124 125 106 106 105 104 102 101 100 99 108 108 107 106 105 104 103 103 97 99 104 109 113 115 116 116 96 96 99 107 115 116 109 102 105
56 69 85 95 96 95 96 99 102 97 89 81 75 73 73 74 81 79 78 78 79 82 85 88 95 92 88 88 92 100 109 116 124 124 120 109 97 93 96 102 91 91 91 91 91 91 91 91 86 85 85 85 87 91 95 97 82 82 82 81 81 81 80 80 71 68 64 62 65 72 81 87 111 104 97 98 105 111 112 110 81 75 68 62 61 64 70 74 70 71 73 77 83 89 95 99 90 88 86 83 80 77 75 74 84 85 86 89 93 99 105 108 104 104 103 102 100 99 98 97 104 104 105 106 107 108 109 110 108 106 103 102 104 108 113 116 95 95 98 106 114 115 108 101 101
56 68 85 94 95 94 96 98 102 96 88 79 74 72 73 74 86 85 83 83 84 87 90 93 98 94 90 89 93 102 112 119 105 105 101 91 80 77 82 89 82 82 82 82 82 82 82 82 82 80 78 77 81 88 95 100 85 84 84 83 83 82 82 81 60 56 51 49 53 61 70 77 93 84 74 72 79 87 92 92 72 67 59 52 51 55 61 65 58 67 81 94 101 102 99 95 82 82 80 79 77 76 75 74 82 79 75 73 75 80 86 90 103 103 102 100 99 98 97 96 100 101 103 106 109 111 113 114 115 110 103 98 98 103 111 116 95 94 97 105 113 115 108 100 96
62 70 83 95 102 104 102 100 99 92 86 85 87 86 80 73 70 72 77 81 83 84 84 83 86 86 87 90 94 100 105 108 85 82 77 74 74 77 82 86 78 75 71 68 68 71 76 79 76 77 79 82 85 87 89 90 91 87 84 85 85 78 66 56 40 46 56 66 74 77 78 78 83 85 87 89 89 87 85 83 77 69 70 75 65 49 50 64 81 85 91 95 97 94 91 88 76 81 84 80 73 70 72 77 76 76 75 76 79 83 87 90 82 83 84 86 88 89 91 92 99 101 104 106 107 106 104 103 101 109 116 116 108 101 98 99 103 97 92 94 101 106 106 103 96
60 68 81 94 101 104 102 100 94 88 82 81 83 83 76 70 71 73 77 81 83 83 82 81 84 83 82 82 83 86 88 89 84 81 76 73 72 74 77 80 71 69 66 65 65 68 72 74 73 74 76 79 82 84 86 87 87 85 84 87 88 80 66 55 44 50 59 68 76 80 81 81 83 85 87 89 89 87 85 83 78 70 70 74 64 48 50 65 83 86 90 92 92 89 85 82 73 78 80 76 68 64 67 71 68 67 66 67 70 74 79 81 77 78 80 83 85 87 89 90 97 99 102 105 106 105 104 102 102 111 119 119 113 107 105 106 99 93 89 92 101 108 108 106 98
56 65 78 91 100 102 101 99 90 84 78 78 81 81 75 69 72 74 78 80 81 80 78 77 77 77 75 73 72 70 69 69 80 77 73 70 68 68 69 70 59 59 60 62 63 65 67 68 69 70 72 74 77 80 82 83 81 81 84 90 91 83 67 54 52 56 63 72 78 82 84 85 83 85 87 89 89 87 85 83 79 71 69 73 63 48 51 67 86 87 88 87 85 81 76 73 71 74 76 71 62 57 59 63 58 57 57 57 60 64 69 72 71 73 75 78 81 84 86 87 94 96 100 103 104 104 103 102 104 113 122 124 119 115 114 116 98 92 88 91 100 107 107 105 102
52 61 74 88 97 101 100 98 91 86 80 81 85 85 80 74 75 76 78 79 79 77 74 72 67 67 68 68 67 65 62 61 72 71 68 65 63 61 60 60 48 51 56 62 65 66 65 64 65 66 68 71 74 76 78 79 76 77 83 90 94 86 70 56 59 62 67 74 79 84 87 89 83 85 87 89 89 87 85 83 81 71 68 70 61 47 52 69 89 88 86 83 78 73 69 67 71 74 75 68 58 52 52 55 53 52 52 53 56 60 64 67 68 70 72 74 77 80 82 83 89 92 96 100 102 103 102 101 104 113 124 127 124 120 120 123 104 98 91 92 97 101 99 96 104
47 56 70 85 95 99 99 98 96 90 86 87 91 93 88 83 77 78 79 79 77 73 69 66 56 59 63 67 68 67 64 62 61 61 61 60 58 56 54 53 41 47 57 67 72 71 68 65 64 65 67 69 72 75 77 78 74 75 79 87 92 87 74 63 65 66 69 73 78 84 88 91 83 85 87 89 89 87 85 83 84 72 67 68 59 46 53 71 92 89 85 79 74 70 67 66 76 79 78 70 59 51 50 53 54 53 53 53 56 60 65 68 71 71 72 74 75 76 77 77 84 87 92 96 100 101 101 100 103 112 122 126 122 118 119 121 113 105 96 92 94 94 89 84 104
42 52 67 82 93 97 98 97 97 92 88 90 95 97 93 88 80 80 80 78 75 69 64 61 50 55 61 66 68 66 62 59 47 49 52 54 55 53 50 49 39 48 63 76 83 81 76 71 65 66 68 70 73 76 78 79 76 74 75 81 87 87 80 72 68 68 68 70 75 81 86 90 83 85 87 89 89 87 85 83 86 73 67 66 56 45 54 73 94 90 84 78 73 71 70 70 86 88 87 77 64 55 53 55 54 53 53 54 56 61 65 68 79 78 77 76 75 73 72 72 80 83 88 93 97 99 99 99 100 109 118 120 115 111 110 112 114 105 95 91 92 91 86 81 102
39 48 64 79 91 96 97 96 93 88 85 87 93 95 92 87 82 81 80 78 73 67 61 57 51 55 60 64 63 57 50 45 35 39 44 50 52 52 50 48 41 52 71 87 94 92 85 78 67 68 70 73 75 78 80 81 79 74 71 74 81 86 85 81 69 67 66 67 70 77 84 88 83 85 87 89 89 87 85 83 87 74 66 64 55 44 54 75 95 91 84 78 74 74 75 77 97 98 96 86 71 61 58 60 51 50 50 50 53 57 62 65 88 87 84 80 75 72 69 67 76 80 85 91 95 98 99 99 96 104 113 113 107 100 99 100 104 97 89 88 93 95 93 89 98
37 47 62 78 90 95 96 96 88 84 80 83 89 92 88 83 82 82 81 77 72 65 59 55 53 57 61 62 57 48 38 31 27 32 40 47 51 51 50 48 43 56 76 93 102 99 91 84 69 70 72 75 77 80 82 83 82 75 68 69 77 85 88 87 68 66 64 64 68 74 81 86 83 85 87 89 89 87 85 83 88 74 66 64 54 44 55 76 95 91 84 79 76 77 80 82 104 105 102 91 76 65 63 64 47 46 46 47 49 54 58 61 95 92 88 82 76 71 66 64 74 78 84 90 95 97 98 98 94 102 109 108 101 93 91 92 94 88 83 86 94 100 100 98 96
39 37 44 67 94 103 91 75 56 58 60 63 67 70 73 74 77 74 69 64 61 59 59 60 53 45 42 54 70 72 55 37 46 45 42 41 41 42 45 46 37 54 78 99 106 99 85 75 67 67 66 67 70 74 78 81 96 90 81 74 72 75 81 85 79 63 48 49 63 77 81 79 79 80 81 82 83 84 85 86 86 83 74 62 52 53 63 74 80 75 68 63 63 68 75 80 93 93 92 88 83 76 70 66 57 53 48 46 50 58 68 74 96 92 87 81 77 75 75 75 72 74 78 83 88 94 97 99 90 104 115 108 90 79 85 95 95 87 80 80 88 95 98 97 101
44 42 48 68 90 97 84 68 46 48 52 58 63 69 73 75 74 71 67 62 59 58 58 59 54 47 45 57 73 75 61 45 45 43 41 39 39 41 43 45 42 55 74 90 95 90 79 71 70 70 69 70 73 77 81 84 92 88 81 77 77 81 87 92 95 84 70 64 67 73 77 78 79 80 81 82 83 84 85 86 86 83 75 63 53 54 64 73 86 81 75 70 70 75 81 86 89 90 89 87 83 78 73 70 65 62 58 56 59 67 75 81 92 90 85 81 79 78 79 79 77 78 81 85 89 92 95 97 95 109 121 116 99 88 91 100 94 86 78 79 86 93 95 94 108
45 44 52 69 87 91 78 64 42 44 49 55 61 67 71 73 71 68 64 60 57 56 57 58 56 51 51 62 76 79 69 57 46 45 42 40 40 42 45 46 54 61 71 80 82 79 73 68 75 74 73 74 77 81 86 89 87 84 81 80 83 89 96 101 109 105 96 82 70 67 73 80 79 80 81 82 83 84 85 86 85 83 77 66 56 55 64 73 91 88 82 79 79 82 88 91 84 85 86 86 85 81 78 75 75 73 69 68 70 76 83 88 88 86 83 81 81 82 85 86 85 85 87 88 90 91 92 93 100 114 127 125 112 100 99 104 93 85 77 77 83 90 92 90 122
38 41 52 70 86 91 82 72 55 57 59 61 64 67 69 70 68 65 61 58 56 56 58 59 59 56 57 66 77 81 75 68 55 53 51 49 49 51 53 55 71 72 74 75 75 74 72 71 78 78 77 78 81 85 89 92 83 82 82 84 88 95 101 106 105 108 104 89 71 63 72 83 79 80 81 82 83 84 85 86 85 84 79 69 59 58 64 72 90 87 84 81 81 84 87 90 79 81 83 85 86 84 82 80 79 78 76 75 77 81 85 88 84 83 82 82 83 86 90 92 92 92 92 92 91 91 91 91 100 113 128 131 121 110 103 102 94 85 77 76 82 88 89 87 139
28 36 52 73 89 96 93 88 80 79 77 75 72 69 67 66 67 65 62 59 58 59 61 62 64 63 64 69 76 79 77 74 67 65 63 61 61 63 65 67 84 82 79 76 75 75 76 77 80 79 79 79 82 87 91 94 82 83 84 86 90 95 99 101 86 92 93 83 68 64 73 85 79 80 81 82 83 84 85 86 84 84 82 73 63 60 65 71 82 81 80 79 79 80 81 82 77 79 82 85 86 85 84 82 79 78 77 77 78 80 82 84 83 83 82 83 85 89 93 96 97 97 96 95 94 93 92 92 97 110 126 134 129 117 105 98 97 88 79 78 83 88 89 87 150
25 37 58 79 94 101 102 100 99 96 92 86 80 74 70 67 69 67 65 63 62 64 66 68 69 69 69 70 71 72 73 74 76 74 71 70 70 71 74 76 87 85 81 78 76 76 77 78 79 78 78 78 81 85 90 93 86 86 87 88 88 89 89 89 69 72 74 72 68 69 75 81 79 80 81 82 83 84 85 86 83 85 84 76 67 62 65 70 76 76 76 77 77 76 76 76 78 80 83 85 86 85 83 81 78 78 79 79 79 79 79 79 86 85 84 84 86 90 94 96 99 98 98 97 97 96 96 96 97 110 127 139 139 126 109 96 103 94 84 82 86 91 91 89 147
33 47 68 86 97 102 103 103 101 99 95 90 84 79 75 73 72 70 68 67 67 69 72 74 73 73 72 69 66 65 67 70 77 75 73 71 71 73 75 77 81 79 78 76 75 74 74 75 76 76 75 76 79 83 88 90 91 91 90 88 84 80 76 74 66 62 60 64 71 75 75 72 79 80 81 82 83 84 85 86 82 85 85 79 69 64 66 70 75 76 77 78 78 77 76 75 81 82 84 86 85 83 80 78 81 82 83 84 84 83 81 80 90 89 87 86 87 89 92 94 98 98 98 99 99 100 100 101 102 114 133 148 151 138 117 100 109 99 89 87 90 94 94 92 134
42 57 76 92 99 100 100 101 96 95 92 89 85 82 79 78 74 73 71 69 70 72 75 77 75 76 74 69 62 60 63 67 75 74 71 70 70 71 74 75 73 73 73 73 72 71 70 70 75 74 73 74 77 81 86 88 95 94 92 88 82 74 68 64 70 61 54 60 74 80 74 65 79 80 81 82 83 84 85 86 82 86 86 80 71 65 66 70 76 77 80 81 81 80 77 76 83 84 86 86 85 82 78 76 85 86 88 89 88 86 84 82 93 91 89 87 87 88 91 92 97 97 98 100 101 102 103 104 107 119 139 156 160 147 124 105 112 103 93 90 93 97 96 94 123
54 57 67 84 99 105 100 94 101 100 96 92 87 83 79 77 88 87 85 83 81 79 78 78 75 75 75 75 75 75 75 75 83 83 83 83 83 83 83 83 80 80 78 76 74 72 71 70 77 78 79 81 83 85 87 87 82 85 88 89 87 82 76 72 65 66 68 71 73 76 78 79 83 83 84 85 87 88 89 89 88 88 87 84 79 73 67 64 72 77 85 91 91 87 80 76 86 86 86 86 86 86 86 86 86 87 88 89 90 91 92 93 86 86 87 89 90 91 92 93 100 101 102 103 104 106 106 107 93 118 149 164 157 138 121 112 117 99 91 100 104 95 92 98 115
55 58 67 83 98 104 101 95 101 99 96 92 88 84 80 79 82 83 85 85 84 82 80 78 76 76 76 76 76 76 76 76 83 83 83 83 83 83 83 83 80 80 78 77 75 73 72 72 79 79 80 82 84 85 87 87 85 87 88 88 85 79 73 69 65 66 68 71 73 76 78 79 83 83 84 85 87 88 89 89 88 88 87 85 80 74 69 65 70 75 83 89 91 88 83 80 86 86 86 86 86 86 86 86 86 87 88 89 90 91 92 93 86 87 88 89 91 92 93 93 98 98 100 102 104 106 108 109 104 133 161 162 140 121 123 134 120 101 93 102 105 96 93 99 112
56 58 66 81 96 104 101 96 101 99 96 93 89 85 83 81 75 78 84 88 89 86 82 79 77 77 77 77 77 77 77 77 83 83 83 83 83 83 83 83 80 79 79 78 76 75 75 74 81 82 82 83 85 86 86 87 89 89 88 85 80 74 68 64 65 66 68 71 73 76 78 79 83 83 84 85 87 88 89 89 87 88 87 85 81 76 71 68 67 72 80 87 90 90 88 85 86 86 86 86 86 86 86 86 86 87 88 89 90 91 92 93 87 88 89 90 92 93 94 94 94 95 97 100 104 107 109 111 117 143 161 147 116 106 130 160 124 106 97 105 108 98 95 101 107
58 59 66 79 94 103 102 99 100 99 97 94 91 88 86 84 70 75 82 89 91 88 84 81 78 78 78 78 78 78 78 78 83 83 83 83 83 83 83 83 79 79 79 78 78 78 77 77 84 84 85 85 85 86 86 86 91 90 86 81 75 69 63 60 65 66 68 71 73 76 78 79 83 83 84 85 87 88 89 89 87 87 87 86 83 79 74 71 66 71 77 84 89 91 91 91 86 86 86 86 86 86 86 86 86 87 88 89 90 91 92 93 89 89 90 92 93 94 95 96 91 93 95 99 103 106 109 110 125 133 134 117 100 107 142 174 130 111 102 110 112 101 97 103 100
61 60 65 77 92 102 103 101 100 99 97 95 93 90 89 88 72 76 82 86 88 87 85 83 80 80 80 80 80 80 80 80 83 83 83 83 83 83 83 83 79 79 79 80 80 80 81 81 88 88 87 87 87 86 86 86 91 88 82 76 70 65 61 60 65 66 68 71 73 76 78 79 83 83 84 85 87 88 89 89 86 87 88 87 85 81 77 74 69 71 76 82 87 90 92 93 86 86 86 86 86 86 86 86 86 87 88 89 90 91 92 93 90 91 92 93 94 96 97 97 92 93 95 98 101 104 106 107 121 110 95 88 97 122 153 173 137 117 108 115 116 104 100 105 93
63 61 64 75 90 101 104 103 99 99 97 96 94 93 92 91 81 81 81 81 82 83 85 85 81 81 81 81 81 81 81 81 83 83 83 83 83 83 83 83 78 79 79 80 82 83 83 84 91 90 90 89 87 86 86 85 87 83 77 71 66 63 62 62 65 66 68 71 73 76 78 79 83 83 84 85 87 88 89 89 86 87 88 88 87 83 80 78 74 75 77 80 84 88 90 92 86 86 86 86 86 86 86 86 86 87 88 89 90 91 92 93 92 92 93 94 96 97 98 99 95 96 96 97 98 100 100 101 107 91 77 80 102 132 155 167 142 123 113 119 119 107 102 108 86
64 62 63 73 88 100 105 105 99 98 98 97 96 95 94 93 92 87 81 76 75 78 84 88 82 82 82 82 82 82 82 82 83 83 83 83 83 83 83 83 78 78 80 81 83 85 86 86 93 93 92 90 88 87 85 85 82 78 72 66 63 63 64 66 65 66 68 71 73 76 78 79 83 83 84 85 87 88 89 89 85 87 88 89 88 85 82 80 80 79 79 80 82 84 87 89 86 86 86 86 86 86 86 86 86 87 88 89 90 91 92 93 93 93 94 95 97 98 99 100 100 99 99 98 96 95 94 94 91 89 89 95 108 129 150 163 147 127 117 122 122 110 104 109 81
65 62 63 72 87 100 105 105 99 98 98 97 96 96 95 95 99 92 81 72 70 75 83 89 83 83 83 83 83 83 83 83 83 83 83 83 83 83 83 83 78 78 80 82 84 86 87 88 95 94 93 91 89 87 85 85 79 75 69 64 62 63 66 69 65 66 68 71 73 76 78 79 83 83 84 85 87 88 89 89 85 87 88 89 89 86 83 81 84 82 80 79 80 82 85 87 86 86 86 86 86 86 86 86 86 87 88 89 90 91 92 93 93 94 95 96 97 99 100 100 103 102 100 98 95 92 91 90 80 95 110 113 112 121 144 164 149 129 119 124 124 111 105 110 78
74 72 72 80 92 99 100 97 103 103 102 101 99 98 97 97 91 89 85 81 76 72 68 67 88 88 88 87 87 87 86 86 88 87 86 84 82 80 79 78 81 82 83 85 87 89 91 91 97 95 91 86 80 75 71 69 67 68 69 71 73 75 76 77 68 69 71 74 77 79 81 82 83 85 87 89 89 87 85 83 86 86 86 86 86 86 86 86 83 83 83 83 83 83 83 83 77 78 79 81 83 85 87 88 91 91 91 91 91 91 91 91 84 86 88 92 96 99 102 103 101 99 97 94 91 88 86 85 96 100 104 106 111 124 142 156 162 150 135 124 120 117 111 106 79
76 73 74 81 92 100 100 97 103 103 102 101 99 98 97 97 95 94 91 86 82 78 75 73 73 74 75 77 80 82 83 84 87 86 86 85 84 83 83 82 87 88 88 89 90 91 91 92 91 89 86 83 79 75 72 71 68 68 70 71 73 74 76 76 69 70 72 75 77 80 82 83 83 85 87 89 89 87 85 83 86 86 86 86 86 86 86 86 83 83 83 83 83 83 83 83 81 81 82 82 83 84 85 85 90 90 90 90 90 90 90 90 95 95 96 96 97 98 99 99 91 91 92 93 94 95 96 96 97 101 104 106 111 123 141 156 162 150 134 124 120 116 110 105 79
80 77 77 83 94 101 101 98 103 103 102 101 99 98 97 97 100 98 95 92 88 84 81 80 59 61 64 67 71 75 78 79 82 82 82 83 84 85 86 86 93 93 92 91 91 90 89 89 81 81 80 78 76 75 74 73 69 70 70 71 73 74 74 75 70 71 73 76 78 81 83 84 83 85 87 89 89 87 85 83 86 86 86 86 86 86 86 86 83 83 83 83 83 83 83 83 86 86 85 84 84 83 82 82 87 87 87 87 87 87 87 87 94 93 92 91 89 88 87 86 82 84 87 92 97 102 105 107 99 102 105 107 111 122 140 154 161 149 133 123 119 115 109 104 81
84 81 80 87 97 103 102 99 103 103 102 101 99 98 97 97 98 97 95 92 89 86 84 83 63 63 65 67 69 71 72 73 73 74 75 77 79 81 83 83 92 91 89 87 85 83 82 81 74 74 74 75 75 75 76 76 71 71 71 72 72 73 73 73 71 72 74 77 80 82 84 85 83 85 87 89 89 87 85 83 86 86 86 86 86 86 86 86 83 83 83 83 83 83 83 83 90 90 88 86 84 82 81 80 80 80 80 80 80 80 80 80 78 78 78 77 77 77 77 77 83 85 89 93 98 103 107 109 100 104 106 107 110 121 139 152 159 147 132 121 117 114 108 103 85
89 85 84 90 99 105 103 100 103 103 102 101 99 98 97 97 94 94 92 90 87 85 83 83 79 78 77 75 73 71 70 69 67 67 69 71 73 75 76 77 84 83 82 80 78 76 74 73 72 73 73 74 75 76 77 78 73 73 73 72 72 71 71 71 73 74 76 78 81 84 86 87 83 85 87 89 89 87 85 83 86 86 86 86 86 86 86 86 83 83 83 83 83 83 83 83 92 91 90 88 86 84 82 82 75 75 75 75 75 75 75 75 70 71 73 76 79 82 84 85 93 93 95 96 98 100 101 102 102 105 107 107 110 120 137 150 158 146 130 120 116 112 107 101 93
94 90 88 93 101 106 104 101 103 103 102 101 99 98 97 97 93 93 92 90 88 87 86 85 92 91 88 84 80 76 73 72 69 69 70 70 71 72 73 73 76 76 75 74 74 73 72 72 76 76 76 77 78 78 79 79 75 74 74 73 71 70 70 69 74 75 77 80 82 85 87 88 83 85 87 89 89 87 85 83 86 86 86 86 86 86 86 86 83 83 83 83 83 83 83 83 90 90 89 88 88 87 86 86 78 78 78 78 78 78 78 78 79 81 84 88 92 96 99 101 100 100 99 99 98 98 97 97 104 107 109 108 110 119 135 148 157 144 129 119 114 111 105 100 102
97 93 91 95 103 108 105 101 103 103 102 101 99 98 97 97 97 97 96 95 94 93 93 92 92 91 90 87 85 83 81 81 79 79 78 77 76 76 75 75 73 74 74 75 76 77 77 78 82 82 81 81 80 80 80 79 76 76 74 73 71 70 68 68 75 76 78 81 83 86 88 89 83 85 87 89 89 87 85 83 86 86 86 86 86 86 86 86 83 83 83 83 83 83 83 83 87 87 88 89 90 90 91 91 89 89 89 89 89 89 89 89 92 93 94 96 98 100 101 102 100 100 100 100 100 100 99 99 106 108 109 108 109 118 134 147 156 143 128 118 113 110 104 99 110
99 95 92 96 104 108 106 101 103 103 102 101 99 98 97 97 102 102 102 101 100 99 99 99 86 86 87 87 87 88 88 88 88 88 86 84 82 80 79 78 74 74 76 78 80 82 83 84 87 86 85 84 82 81 80 79 77 76 75 73 71 69 68 67 76 77 79 81 84 87 89 90 83 85 87 89 89 87 85 83 86 86 86 86 86 86 86 86 83 83 83 83 83 83 83 83 84 85 87 89 91 93 94 95 98 98 98 98 98 98 98 98 96 96 95 94 93 92 91 91 96 96 98 99 101 103 104 105 106 109 110 108 109 118 134 146 155 143 127 117 113 110 104 98 115
91 92 94 95 98 99 101 102 104 103 102 101 99 98 97 97 100 100 100 100 100 100 100 100 98 97 96 94 92 90 89 88 86 86 87 89 90 91 92 93 89 89 89 89 89 89 89 89 81 82 84 85 84 82 79 77 78 76 73 70 68 69 70 71 80 81 81 82 83 83 84 84 89 89 89 89 89 89 89 89 92 90 87 84 82 83 84 85 87 84 81 79 81 86 93 97 93 94 95 96 97 98 99 100 97 97 97 97 97 97 97 97 97 97 97 97 97 97 97 97 97 97 98 99 101 102 103 103 102 106 109 108 108 115 127 138 143 135 122 110 101 99 100 102 124
92 93 94 96 97 99 100 101 103 103 102 100 99 98 97 96 100 100 100 100 100 100 100 100 97 97 95 94 92 91 89 89 86 87 88 89 91 92 93 93 90 90 90 90 90 90 90 90 84 85 87 88 87 84 81 79 75 73 71 69 70 71 74 76 80 81 81 82 83 84 85 86 90 90 90 90 90 90 90 90 93 91 87 84 83 83 85 86 88 85 81 79 81 86 92 96 93 94 95 96 97 98 99 100 97 97 97 97 97 97 97 97 97 97 97 97 97 97 97 97 97 97 98 99 101 102 103 103 102 106 109 108 108 115 127 138 143 135 123 110 102 99 100 101 126
94 94 95 96 97 98 99 99 102 102 101 99 98 97 96 95 99 99 99 99 99 99 99 99 96 95 95 94 92 91 91 90 87 88 89 90 92 93 94 94 91 91 91 91 91 91 91 91 89 90 91 91 90 87 83 81 70 69 69 69 72 76 80 83 80 80 82 83 85 86 87 88 92 92 92 92 92 92 92 92 94 92 88 85 84 84 86 87 89 86 82 80 81 85 91 95 93 94 95 96 97 98 99 100 97 97 97 97 97 97 97 97 97 97 97 97 97 97 97 97 97 97 98 99 101 102 103 103 102 106 109 108 108 115 127 138 141 134 123 112 104 100 99 99 128
96 96 96 96 97 97 97 97 101 100 99 98 97 95 94 94 97 97 97 97 97 97 97 97 94 94 94 93 93 92 92 92 89 89 90 92 93 94 95 96 92 92 92 92 92 92 92 92 93 94 95 94 92 88 84 81 67 67 67 70 74 80 85 89 79 80 82 84 86 89 90 91 95 95 95 95 95 95 95 95 95 93 90 87 85 86 87 88 91 88 83 80 80 84 89 93 93 94 95 96 97 98 99 100 97 97 97 97 97 97 97 97 97 97 97 97 97 97 97 97 97 97 98 99 101 102 103 103 102 106 109 108 108 115 127 138 139 133 124 114 106 101 98 97 129
97 97 97 97 96 96 96 96 99 99 98 96 95 94 93 92 96 96 96 96 96 96 96 96 92 92 92 93 93 94 94 94 90 91 92 93 94 96 97 97 94 94 94 94 94 94 94 94 95 96 96 95 91 87 82 79 66 66 68 71 76 82 89 92 79 80 82 85 88 91 93 95 98 98 98 98 98 98 98 98 97 94 91 88 87 87 88 90 93 89 84 80 80 83 88 91 93 94 95 96 97 98 99 100 97 97 97 97 97 97 97 97 97 97 97 97 97 97 97 97 97 97 98 99 101 102 103 103 102 106 109 108 108 115 127 138 137 132 125 116 108 101 97 95 128
99 99 98 97 96 95 94 94 98 97 96 95 94 92 91 91 94 94 94 94 94 94 94 94 90 91 91 92 94 95 95 96 92 92 93 94 96 97 98 99 95 95 95 95 95 95 95 95 95 95 94 93 89 83 78 75 69 69 70 72 77 83 89 92 78 80 83 86 90 94 96 98 101 101 101 101 101 101 101 101 98 96 92 89 88 88 90 91 95 91 85 81 80 82 86 89 93 94 95 96 97 98 99 100 97 97 97 97 97 97 97 97 97 97 97 97 97 97 97 97 97 97 98 99 101 102 103 103 102 106 109 108 108 115 127 138 135 132 126 118 110 102 96 93 124
101 100 99 97 96 94 93 92 97 96 95 94 93 91 90 90 93 93 93 93 93 93 93 93 89 89 91 92 94 95 97 97 93 93 94 95 97 98 99 100 96 96 96 96 96 96 96 96 93 93 92 89 85 79 74 70 72 72 72 74 77 83 87 91 78 80 83 87 91 95 99 100 103 103 103 103 103 103 103 103 99 97 93 90 89 89 91 92 96 92 86 81 79 81 85 88 93 94 95 96 97 98 99 100 97 97 97 97 97 97 97 97 97 97 97 97 97 97 97 97 97 97 98 99 101 102 103 103 102 106 109 108 108 115 127 138 133 131 127 120 112 103 96 91 120
102 101 99 98 95 94 92 91 96 96 95 94 92 91 90 89 93 93 93 93 93 93 93 93 88 89 90 92 94 96 97 98 93 94 95 96 97 99 100 100 97 97 97 97 97 97 97 97 91 91 90 87 82 76 71 67 75 75 74 75 78 82 86 89 78 79 83 87 92 96 100 102 104 104 104 104 104 104 104 104 100 97 94 91 90 90 91 93 97 93 86 81 79 81 84 87 93 94 95 96 97 98 99 100 97 97 97 97 97 97 97 97 97 97 97 97 97 97 97 97 97 97 98 99 101 102 103 103 102 106 109 108 108 115 127 138 132 131 127 121 113 103 95 90 117
103 101 97 94 93 93 95 96 96 96 95 94 92 91 90 90 90 90 90 90 90 90 90 90 90 90 90 90 90 90 90 90 90 90 91 92 94 95 96 96 96 96 96 96 96 96 96 96 98 96 91 86 79 74 69 67 73 74 74 76 77 78 79 80 76 78 81 84 89 92 95 97 101 101 101 101 101 101 101 101 90 88 87 86 88 91 94 96 88 90 92 93 92 90 87 85 90 92 96 99 100 100 98 97 97 97 97 97 97 97 97 97 97 97 97 97 97 97 97 97 97 97 98 99 101 102 103 104 103 103 103 105 110 115 121 124 125 129 131 124 109 94 87 85 109
103 101 97 94 93 93 95 96 96 96 95 94 92 91 90 90 90 90 90 90 90 90 90 90 90 90 90 90 90 90 90 90 90 90 91 92 94 95 96 96 97 97 97 97 97 97 97 97 97 95 91 85 80 74 70 68 73 73 73 73 73 73 72 72 74 76 79 83 87 91 94 95 98 98 98 98 98 98 98 98 91 89 87 85 85 86 89 90 87 88 90 92 91 89 87 85 90 92 96 99 100 100 98 97 97 97 97 97 97 97 97 97 97 97 97 97 97 97 97 97 96 97 98 99 100 102 103 103 103 103 103 105 110 115 121 124 124 129 130 123 108 95 89 87 92
103 101 97 94 93 93 95 96 96 96 95 94 92 91 90 90 90 90 90 90 90 90 90 90 90 90 90 90 90 90 90 90 90 90 91 92 94 95 96 96 98 98 98 98 98 98 98 98 96 94 90 85 80 75 71 69 74 73 71 69 66 64 62 61 71 73 76 80 84 88 91 92 94 94 94 94 94 94 94 94 93 90 86 82 80 79 80 80 83 85 87 89 90 88 86 84 90 92 96 99 100 100 98 97 97 97 97 97 97 97 97 97 97 97 97 97 97 97 97 97 95 96 97 98 99 101 102 102 103 103 103 105 110 115 121 124 123 127 128 120 107 96 92 92 84
103 101 97 94 93 93 95 96 96 96 95 94 92 91 90 90 90 90 90 90 90 90 90 90 90 90 90 90 90 90 90 90 90 90 91 92 94 95 96 96 99 99 99 99 99 99 99 99 94 92 89 85 80 76 73 71 74 72 69 65 60 56 53 51 67 69 72 76 80 84 87 88 89 89 89 89 89 89 89 89 92 89 83 78 73 71 70 70 79 81 84 86 87 87 85 83 90 92 96 99 100 100 98 97 97 97 97 97 97 97 97 97 97 97 97 97 97 97 97 97 94 94 95 97 98 99 100 101 103 103 103 105 110 115 121 124 121 124 125 118 106 97 96 98 92
103 101 97 94 93 93 95 96 96 96 95 94 92 91 90 90 90 90 90 90 90 90 90 90 90 90 90 90 90 90 90 90 90 90 91 92 94 95 96 96 101 101 101 101 101 101 101 101 92 90 88 84 81 77 75 73 73 71 67 62 57 52 48 46 63 64 67 71 75 79 82 84 83 83 83 83 83 83 83 83 89 85 79 72 67 64 63 62 74 76 80 83 85 85 84 83 90 92 96 99 100 100 98 97 97 97 97 97 97 97 97 97 97 97 97 97 97 97 97 97 92 93 94 95 96 98 99 99 103 103 103 105 110 115 121 124 119 122 122 114 104 98 100 104 100
103 101 97 94 93 93 95 96 96 96 95 94 92 91 90 90 90 90 90 90 90 90 90 90 90 90 90 90 90 90 90 90 90 90 91 92 94 95 96 96 102 102 102 102 102 102 102 102 90 89 87 84 81 78 76 75 71 69 66 62 57 52 49 47 59 60 63 67 71 75 78 80 78 78 78 78 78 78 78 78 82 79 73 67 62 59 58 58 69 72 76 80 83 83 83 82 90 92 96 99 100 100 98 97 97 97 97 97 97 97 97 97 97 97 97 97 97 97 97 97 91 91 92 94 95 96 97 98 103 103 103 105 110 115 121 124 118 120 119 112 103 100 104 110 101
103 101 97 94 93 93 95 96 96 96 95 94 92 91 90 90 90 90 90 90 90 90 90 90 90 90 90 90 90 90 90 90 90 90 91 92 94 95 96 96 103 103 103 103 103 103 103 103 89 88 86 84 81 79 77 76 70 68 66 62 59 55 53 51 56 57 60 64 68 72 75 77 74 74 74 74 74 74 74 74 75 72 67 62 58 57 57 57 66 69 73 78 81 82 82 81 90 92 96 99 100 100 98 97 97 97 97 97 97 97 97 97 97 97 97 97 97 97 97 97 90 90 91 93 94 95 96 97 103 103 103 105 110 115 121 124 116 118 116 109 102 101 107 114 106
103 101 97 94 93 93 95 96 96 96 95 94 92 91 90 90 90 90 90 90 90 90 90 90 90 90 90 90 90 90 90 90 90 90 91 92 94 95 96 96 104 104 104 104 104 104 104 104 88 87 86 84 81 79 78 77 69 68 66 63 60 58 56 55 54 56 59 62 67 70 73 75 71 71 71 71 71 71 71 71 71 68 64 59 57 56 56 57 64 67 72 76 80 81 81 81 90 92 96 99 100 100 98 97 97 97 97 97 97 97 97 97 97 97 97 97 97 97 97 97 89 90 91 92 94 95 96 96 103 103 103 105 110 115 121 124 116 117 115 108 101 101 109 117 116
99 97 94 91 89 90 91 92 96 96 95 94 92 91 90 90 86 86 86 86 86 86 86 86 86 86 86 86 86 86 86 86 93 94 95 96 97 99 100 100 99 101 102 103 103 100 97 95 95 93 91 88 84 81 79 78 75 72 68 63 61 60 60 61 54 55 57 60 63 65 67 68 59 60 62 64 66 67 69 70 72 72 72 72 72 72 72 72 69 70 73 77 81 85 88 89 97 97 98 99 101 102 103 104 100 100 100 100 100 100 100 100 97 97 97 97 97 97 97 97 93 94 95 96 97 98 99 100 97 100 104 109 111 112 112 111 104 107 110 113 114 114 112 111 114
99 97 94 91 89 90 91 92 96 96 95 94 92 91 90 90 86 86 86 86 86 86 86 86 86 86 86 86 86 86 86 86 93 93 94 95 97 98 99 100 99 101 102 103 102 99 96 94 93 92 90 87 84 81 79 78 75 73 68 64 61 60 61 61 55 56 58 61 64 66 68 69 62 63 64 65 67 69 70 71 72 72 72 72 72 72 72 72 66 68 72 77 81 86 90 92 96 97 98 99 100 102 103 103 100 100 100 100 100 100 100 100 97 97 97 97 97 97 97 97 93 94 95 96 97 98 99 100 97 100 104 109 111 112 112 111 105 106 109 111 113 113 112 112 114
99 97 94 91 89 90 91 92 96 96 95 94 92 91 90 90 86 86 86 86 86 86 86 86 86 86 86 86 86 86 86 86 92 92 93 94 96 97 98 99 100 101 102 102 101 97 94 92 91 90 88 86 83 81 79 78 76 74 69 65 62 61 62 62 57 58 60 63 66 68 70 71 66 67 68 69 70 71 72 72 72 72 72 72 72 72 72 72 64 66 70 76 82 88 92 94 95 96 97 98 99 101 102 102 100 100 100 100 100 100 100 100 97 97 97 97 97 97 97 97 93 94 95 96 97 98 99 100 97 100 104 109 111 112 112 111 105 106 107 109 110 111 112 112 114
99 97 94 91 89 90 91 92 96 96 95 94 92 91 90 90 86 86 86 86 86 86 86 86 86 86 86 86 86 86 86 86 90 91 92 93 94 96 97 97 100 101 102 101 99 95 91 88 88 87 86 84 82 81 79 79 78 75 70 66 63 63 63 64 60 61 63 66 68 71 73 74 72 72 73 73 74 74 74 74 72 72 72 72 72 72 72 72 62 65 70 76 82 88 93 96 94 94 95 97 98 99 100 101 100 100 100 100 100 100 100 100 97 97 97 97 97 97 97 97 93 94 95 96 97 98 99 100 97 100 104 109 111 112 112 111 106 106 105 105 107 109 111 113 114
99 97 94 91 89 90 91 92 96 96 95 94 92 91 90 90 86 86 86 86 86 86 86 86 86 86 86 86 86 86 86 86 89 89 90 92 93 94 95 96 101 101 101 100 97 93 88 85 84 84 83 82 81 80 80 79 79 76 72 68 65 64 65 65 63 64 66 69 71 74 76 77 79 79 78 78 77 77 77 77 72 72 72 72 72 72 72 72 64 67 71 76 82 87 91 94 92 93 94 95 96 98 99 99 100 100 100 100 100 100 100 100 97 97 97 97 97 97 97 97 93 94 95 96 97 98 99 100 97 100 104 109 111 112 112 111 107 105 103 102 103 107 111 114 114
99 97 94 91 89 90 91 92 96 96 95 94 92 91 90 90 86 86 86 86 86 86 86 86 86 86 86 86 86 86 86 86 87 88 89 90 92 93 94 94 101 102 101 99 95 90 85 82 81 81 81 81 80 80 80 80 80 78 73 69 66 65 66 67 66 67 69 71 74 77 79 80 85 84 83 82 81 80 79 79 72 72 72 72 72 72 72 72 69 71 73 77 81 85 87 89 91 91 92 94 95 96 97 98 100 100 100 100 100 100 100 100 97 97 97 97 97 97 97 97 93 94 95 96 97 98 99 100 97 100 104 109 111 112 112 111 108 105 100 98 99 104 110 115 114
99 97 94 91 89 90 91 92 96 96 95 94 92 91 90 90 86 86 86 86 86 86 86 86 86 86 86 86 86 86 86 86 86 87 88 89 91 92 93 93 102 102 101 99 94 88 83 79 79 79 79 79 80 80 80 80 81 79 74 70 67 66 67 68 68 69 71 73 76 79 81 82 89 88 87 86 84 82 81 80 72 72 72 72 72 72 72 72 75 76 77 78 80 81 82 83 90 90 91 93 94 95 96 97 100 100 100 100 100 100 100 100 97 97 97 97 97 97 97 97 93 94 95 96 97 98 99 100 97 100 104 109 111 112 112 111 108 104 99 95 97 103 110 115 114
99 97 94 91 89 90 91 92 96 96 95 94 92 91 90 90 86 86 86 86 86 86 86 86 86 86 86 86 86 86 86 86 86 86 87 89 90 91 92 93 102 102 101 98 93 87 81 78 77 77 78 79 79 80 80 80 82 79 75 71 68 67 67 68 69 70 72 74 77 80 82 83 92 91 89 87 85 84 82 81 72 72 72 72 72 72 72 72 79 79 79 79 79 79 79 79 89 90 91 92 94 95 96 96 100 100 100 100 100 100 100 100 97 97 97 97 97 97 97 97 93 94 95 96 97 98 99 100 97 100 104 109 111 112 112 111 108 104 98 94 95 102 110 115 114
98 97 96 94 92 90 89 88 93 93 93 93 93 93 93 93 86 86 86 86 86 86 86 86 86 86 86 86 86 86 86 86 86 87 88 89 90 91 92 93 105 100 94 86 80 76 74 74 79 79 78 76 75 74 73 72 68 68 68 68 68 68 68 68 63 66 71 76 79 81 81 80 83 83 83 83 83 83 83 83 82 80 76 73 72 72 74 75 76 76 77 78 80 81 82 82 90 90 91 92 94 95 96 97 93 94 95 96 97 98 99 100 100 100 100 100 100 100 100 100 100 100 100 100 100 100 100 100 97 106 109 104 103 109 114 113 100 93 90 101 118 126 121 112 118
97 96 95 93 92 90 89 88 93 93 93 93 93 93 93 93 86 86 86 86 86 86 86 86 86 86 86 86 86 86 86 86 86 87 88 89 90 91 92 93 103 99 93 86 80 76 74 74 79 78 77 76 74 73 72 72 69 69 69 69 69 69 69 69 67 70 75 79 82 83 83 83 83 83 83 83 83 83 83 83 82 80 77 74 72 73 74 75 76 76 77 78 80 81 82 82 89 90 91 92 93 95 96 96 93 94 95 96 97 98 99 100 100 100 100 100 100 100 100 100 100 100 100 100 100 100 100 100 101 105 107 106 108 112 112 109 117 111 105 104 108 111 110 108 102
94 94 93 92 91 90 89 89 93 93 93 93 93 93 93 93 87 87 87 87 87 87 87 87 87 87 87 87 87 87 87 87 86 87 88 89 90 91 92 93 101 97 91 84 79 76 75 74 78 77 76 75 73 72 71 71 70 70 70 70 70 70 70 70 73 76 80 84 86 87 86 86 83 83 83 83 83 83 83 83 83 81 78 75 73 74 75 76 76 76 77 78 80 81 82 82 88 89 90 91 92 94 95 95 93 94 95 96 97 98 99 100 100 100 100 100 100 100 100 100 100 100 100 100 100 100 100 100 107 103 104 110 115 114 109 106 107 109 109 105 100 101 107 114 125
91 91 91 90 90 90 89 89 93 93 93 93 93 93 93 93 89 89 89 89 89 89 89 89 89 89 89 89 89 89 89 89 86 87 88 89 90 91 92 93 98 94 88 83 78 76 75 75 76 76 75 73 72 71 70 69 71 71 71 71 71 71 71 71 78 81 85 88 90 90 88 87 83 83 83 83 83 83 83 83 85 82 79 76 75 75 77 78 76 76 77 78 80 81 82 82 87 87 88 90 91 92 93 94 93 94 95 96 97 98 99 100 100 100 100 100 100 100 100 100 100 100 100 100 100 100 100 100 111 102 102 113 118 112 108 112 107 123 142 149 146 146 155 165 186
88 88 88 89 89 89 90 90 93 93 93 93 93 93 93 93 90 90 90 90 90 90 90 90 90 90 90 90 90 90 90 90 86 87 88 89 90 91 92 93 94 91 86 81 77 75 75 75 75 74 73 72 71 69 68 68 73 73 73 73 73 73 73 73 82 84 87 90 91 90 88 87 83 83 83 83 83 83 83 83 86 84 80 77 76 77 78 79 76 76 77 78 80 81 82 82 85 86 87 88 89 91 92 92 93 94 95 96 97 98 99 100 100 100 100 100 100 100 100 100 100 100 100 100 100 100 100 100 110 100 102 116 116 104 111 130 159 184 214 230 230 225 226 230 220
85 85 86 87 88 89 90 90 93 93 93 93 93 93 93 93 92 92 92 92 92 92 92 92 92 92 92 92 92 92 92 92 86 87 88 89 90 91 92 93 91 88 83 79 76 75 75 76 73 73 72 71 69 68 67 66 74 74 74 74 74 74 74 74 83 85 87 89 89 88 86 84 83 83 83 83 83 83 83 83 87 85 82 79 77 78 79 81 76 76 77 78 80 81 82 82 84 84 85 87 88 89 90 91 93 94 95 96 97 98 99 100 100 100 100 100 100 100 100 100 100 100 100 100 100 100 100 100 106 98 106 118 107 92 116 159 215 232 255 255 255 255 246 239 204
82 83 84 86 87 89 90 91 93 93 93 93 93 93 93 93 93 93 93 93 93 93 93 93 93 93 93 93 93 93 93 93 86 87 88 89 90 91 92 93 88 86 82 78 75 75 75 76 72 72 71 70 68 67 66 65 75 75 75 75 75 75 75 75 82 83 86 87 87 85 82 80 83 83 83 83 83 83 83 83 89 86 83 80 78 79 80 82 76 76 77 78 80 81 82 82 83 83 84 86 87 88 89 90 93 94 95 96 97 98 99 100 100 100 100 100 100 100 100 100 100 100 100 100 100 100 100 100 99 97 110 119 96 78 121 188 245 246 249 254 255 249 236 224 187
81 82 83 85 87 89 90 91 93 93 93 93 93 93 93 93 93 93 93 93 93 93 93 93 93 93 93 93 93 93 93 93 86 87 88 89 90 91 92 93 87 85 81 77 75 75 76 76 72 71 70 69 68 66 65 65 76 76 76 76 76 76 76 76 81 82 84 85 85 82 79 78 83 83 83 83 83 83 83 83 89 87 83 80 79 79 81 82 76 76 77 78 80 81 82 82 82 83 84 85 87 88 89 89 93 94 95 96 97 98 99 100 100 100 100 100 100 100 100 100 100 100 100 100 100 100 100 100 95 96 112 119 89 70 125 207 255 252 241 241 249 251 243 232 190
82 80 79 83 88 92 90 87 93 93 93 93 93 93 93 93 93 93 93 93 93 93 93 93 90 90 90 90 90 90 90 90 86 85 86 92 99 98 90 81 79 78 76 73 70 68 66 65 72 72 72 72 72 72 72 72 74 74 76 78 80 82 83 84 78 81 86 88 88 84 79 75 78 79 80 81 82 84 85 85 83 83 81 79 77 76 74 73 79 78 77 76 75 73 72 72 79 79 79 79 79 79 79 79 83 84 86 88 91 94 96 97 93 94 95 96 97 98 99 100 97 97 97 97 97 97 97 97 106 109 113 102 74 79 151 233 252 255 254 248 255 255 251 227 198
92 81 72 73 84 93 93 89 93 93 93 93 93 93 93 93 93 93 93 93 93 93 93 93 90 90 90 90 90 90 90 90 87 85 86 92 98 97 88 80 75 75 74 73 72 71 70 69 72 72 72 72 72 72 72 72 76 76 78 79 81 82 84 84 79 82 86 88 88 85 80 77 78 78 79 81 82 83 84 85 85 84 83 82 80 78 77 77 79 79 78 77 75 74 73 72 79 79 79 79 79 79 79 79 82 83 85 88 90 93 95 96 93 94 95 96 97 98 99 100 97 97 97 97 97 97 97 97 105 109 113 101 77 84 153 229 253 255 255 250 254 255 244 219 198
116 93 70 67 81 95 95 89 93 93 93 93 93 93 93 93 93 93 93 93 93 93 93 93 90 90 90 90 90 90 90 90 87 85 86 91 97 95 86 77 71 71 72 73 74 75 76 76 73 73 73 73 73 73 73 73 78 79 80 81 82 83 84 84 80 82 84 86 87 85 83 81 80 81 82 83 84 86 87 87 87 87 86 85 84 83 82 81 80 80 79 78 76 75 74 73 79 79 79 79 79 79 79 79 81 82 84 87 89 92 94 95 93 94 95 96 97 98 99 100 97 97 97 97 97 97 97 97 103 109 112 100 82 94 157 222 246 255 255 252 252 254 237 213 198
152 121 86 75 86 97 94 85 93 93 93 93 93 93 93 93 93 93 93 93 93 93 93 93 90 90 90 90 90 90 90 90 87 85 86 90 95 93 83 74 67 68 70 73 76 79 81 82 75 75 75 75 75 75 75 75 80 80 80 81 81 82 82 82 78 79 81 82 83 84 83 83 85 86 87 88 90 91 92 92 88 87 87 87 86 86 86 86 82 81 80 79 78 76 75 75 79 79 79 79 79 79 79 79 80 81 83 85 88 91 93 94 93 94 95 96 97 98 99 100 97 97 97 97 97 97 97 97 101 108 111 99 88 107 162 213 226 244 254 252 252 254 238 216 198
182 152 117 98 97 98 90 81 93 93 93 93 93 93 93 93 93 93 93 93 93 93 93 93 90 90 90 90 90 90 90 90 88 86 85 89 93 90 80 71 67 68 71 74 78 82 84 86 76 76 76 76 76 76 76 76 79 79 79 78 78 78 77 77 74 74 74 75 77 79 82 83 89 89 90 92 93 94 95 96 86 86 86 86 87 87 87 88 83 83 82 80 79 78 77 76 79 79 79 79 79 79 79 79 78 79 81 84 87 89 91 92 93 94 95 96 97 98 99 100 97 97 97 97 97 97 97 97 98 108 110 98 95 122 168 204 201 226 247 251 253 255 244 225 198
188 171 147 126 110 98 87 79 93 93 93 93 93 93 93 93 93 93 93 93 93 93 93 93 90 90 90 90 90 90 90 90 89 86 85 88 91 88 77 68 69 70 73 76 79 82 85 86 78 78 78 78 78 78 78 78 76 75 75 74 72 71 71 70 68 67 66 67 69 73 78 81 85 85 86 87 89 90 91 92 81 82 83 84 85 86 87 87 85 84 83 82 80 79 78 78 79 79 79 79 79 79 79 79 77 78 80 83 85 88 90 91 93 94 95 96 97 98 99 100 97 97 97 97 97 97 97 97 95 108 108 97 101 135 173 195 181 214 243 251 254 255 245 228 198
170 171 165 147 120 97 85 82 93 93 93 93 93 93 93 93 93 93 93 93 93 93 93 93 90 90 90 90 90 90 90 90 89 86 85 88 90 86 75 65 73 74 75 77 80 82 83 84 79 79 79 79 79 79 79 79 72 71 70 68 67 65 64 63 62 60 58 58 61 67 73 77 73 74 75 76 78 79 80 80 77 77 78 80 82 83 84 85 86 85 84 83 81 80 79 79 79 79 79 79 79 79 79 79 76 77 79 82 84 87 89 90 93 94 95 96 97 98 99 100 97 97 97 97 97 97 97 97 94 108 108 96 106 145 177 188 175 211 244 253 252 251 238 222 198
149 163 171 157 125 96 85 85 93 93 93 93 93 93 93 93 93 93 93 93 93 93 93 93 90 90 90 90 90 90 90 90 89 86 85 87 89 85 74 64 76 76 77 79 80 81 82 82 79 79 79 79 79 79 79 79 69 68 67 65 63 61 60 59 58 56 53 53 57 63 70 75 64 64 65 66 68 69 70 70 73 74 76 77 79 81 83 83 86 86 85 83 82 81 80 79 79 79 79 79 79 79 79 79 75 76 78 81 84 86 88 89 93 94 95 96 97 98 99 100 97 97 97 97 97 97 97 97 92 108 107 95 109 150 180 184 175 213 248 255 250 245 231 214 198
160 168 175 170 148 118 91 76 87 89 92 95 97 96 95 94 93 93 93 93 93 93 93 93 90 90 90 90 90 90 90 90 87 88 89 90 88 85 82 80 83 84 86 86 85 82 78 76 79 78 75 71 67 63 60 58 62 60 57 54 50 46 43 41 42 50 60 61 57 52 51 54 62 59 57 61 67 67 61 54 63 64 66 68 71 73 75 76 69 70 72 75 77 80 82 83 80 80 79 79 78 78 77 77 86 86 86 86 86 86 86 86 93 94 95 96 97 98 99 100 97 97 97 97 97 97 97 97 95 103 106 106 117 143 171 186 183 205 234 255 255 247 233 223 199
160 168 174 170 150 121 94 77 86 88 92 95 96 96 94 93 93 93 93 93 93 93 93 93 90 90 90 90 90 90 90 90 87 88 89 90 88 85 82 80 83 84 86 86 85 82 78 76 78 77 74 70 66 62 59 57 56 55 53 50 48 46 44 43 44 53 62 65 61 58 59 62 64 58 54 56 61 64 60 55 63 63 64 65 66 68 68 69 67 68 70 72 75 78 80 81 81 81 81 81 80 80 80 80 86 86 86 86 86 86 86 86 93 94 95 96 97 98 99 100 97 97 97 97 97 97 97 97 96 101 105 107 117 141 167 183 184 204 232 253 255 248 232 222 196
161 167 173 170 154 127 99 80 85 87 91 94 95 95 93 92 92 92 92 92 92 92 92 92 90 90 90 90 90 90 90 90 87 88 89 90 88 85 82 80 83 84 86 86 85 82 78 76 76 74 72 68 64 60 57 55 47 46 46 46 46 45 45 45 48 57 66 69 67 67 70 75 68 60 52 51 56 61 62 60 63 63 62 61 60 59 58 58 63 64 66 68 71 74 76 77 82 82 82 83 83 83 83 83 86 86 86 86 86 86 86 86 93 94 95 96 97 98 99 100 97 97 97 97 97 97 97 97 97 99 103 109 119 135 160 179 184 202 229 251 255 249 232 219 193
163 166 170 170 159 135 105 84 84 86 89 92 94 93 92 91 90 90 90 90 90 90 90 90 90 90 90 90 90 90 90 90 87 88 89 90 88 85 82 80 83 84 86 86 85 82 78 76 73 72 69 65 61 57 54 53 39 40 41 43 44 46 47 48 52 60 68 71 70 72 79 85 76 66 55 51 57 64 68 68 63 62 60 57 54 51 49 48 57 59 60 63 66 68 70 71 81 82 82 83 84 85 86 86 86 86 86 86 86 86 86 86 93 94 95 96 97 98 99 100 97 97 97 97 97 97 97 97 99 96 101 112 120 128 150 173 186 200 225 248 255 251 231 215 190
165 165 167 170 165 143 112 88 82 85 88 91 92 92 91 89 89 89 89 89 89 89 89 89 90 90 90 90 90 90 90 90 87 88 89 90 88 85 82 80 83 84 86 86 85 82 78 76 70 69 66 62 58 54 51 50 37 38 40 42 45 47 49 50 55 61 67 69 68 71 79 87 81 71 59 56 62 69 73 73 62 61 58 54 51 47 44 43 52 53 55 57 60 63 64 66 78 79 80 81 83 85 86 87 86 86 86 86 86 86 86 86 93 94 95 96 97 98 99 100 97 97 97 97 97 97 97 97 101 92 98 116 122 121 140 168 187 198 220 245 255 253 230 211 190
166 164 165 171 170 151 118 92 81 83 87 90 91 91 89 88 87 87 87 87 87 87 87 87 90 90 90 90 90 90 90 90 87 88 89 90 88 85 82 80 83 84 86 86 85 82 78 76 68 66 63 59 55 51 49 47 41 42 43 45 47 49 50 51 55 59 63 63 61 64 73 81 77 69 60 59 65 70 71 69 61 59 57 54 50 47 45 44 46 47 49 52 55 57 59 60 72 73 75 77 80 82 84 85 86 86 86 86 86 86 86 86 93 94 95 96 97 98 99 100 97 97 97 97 97 97 97 97 103 89 95 119 124 114 130 162 188 196 216 242 255 254 230 207 193
167 163 163 171 174 157 123 95 80 82 86 89 90 90 88 87 86 86 86 86 86 86 86 86 90 90 90 90 90 90 90 90 87 88 89 90 88 85 82 80 83 84 86 86 85 82 78 76 66 64 61 57 53 49 46 45 47 47 48 49 50 50 51 51 54 57 58 55 52 54 63 72 65 60 56 57 63 65 62 57 59 58 57 55 52 50 49 48 42 43 45 48 51 53 55 56 66 68 70 73 76 79 81 82 86 86 86 86 86 86 86 86 93 94 95 96 97 98 99 100 97 97 97 97 97 97 97 97 104 86 93 121 125 109 123 158 189 195 212 239 255 255 229 204 196
168 163 162 171 176 160 126 97 79 82 85 88 89 89 88 86 86 86 86 86 86 86 86 86 90 90 90 90 90 90 90 90 87 88 89 90 88 85 82 80 83 84 86 86 85 82 78 76 65 63 60 56 52 48 45 44 52 52 52 52 52 51 51 51 53 55 55 50 45 47 56 65 55 52 50 54 60 60 53 47 58 58 57 55 54 53 52 52 40 41 43 46 48 51 53 54 63 64 66 70 73 76 79 80 86 86 86 86 86 86 86 86 93 94 95 96 97 98 99 100 97 97 97 97 97 97 97 97 105 85 92 122 125 106 119 155 190 194 210 238 255 255 229 202 199
172 169 161 159 171 174 141 100 79 78 81 88 95 96 89 81 86 86 86 86 86 86 86 86 86 86 86 86 86 86 86 86 86 85 84 83 82 81 80 79 86 86 86 86 86 86 86 86 75 75 74 73 71 70 69 68 61 61 61 61 61 61 61 61 63 62 60 59 57 55 53 52 54 54 54 54 54 54 54 54 46 46 46 46 46 46 46 46 50 50 50 50 50 50 50 50 56 58 61 66 71 75 78 80 79 80 81 82 83 84 85 86 90 90 91 92 94 95 96 96 96 94 92 90 90 92 94 96 87 104 100 108 130 113 104 140 187 193 211 237 255 254 232 212 191
170 169 162 159 170 173 143 104 81 79 81 87 94 95 89 81 86 86 86 86 86 86 86 86 86 86 86 86 86 86 86 86 86 85 84 83 82 81 80 79 86 86 86 86 86 86 86 86 76 75 74 73 72 70 69 69 64 64 64 64 64 64 64 64 64 63 62 60 58 57 56 55 58 58 58 58 58 58 58 58 51 51 51 51 51 51 51 51 54 54 54 54 54 54 54 54 58 60 63 67 72 76 79 81 79 80 81 82 83 84 85 86 90 90 91 92 94 95 96 96 96 94 92 90 90 92 94 96 87 104 100 108 129 112 103 138 186 193 210 236 255 253 232 211 191
168 169 163 159 169 173 147 112 84 81 81 86 93 94 88 82 86 86 86 86 86 86 86 86 86 86 86 86 86 86 86 86 86 85 84 83 82 81 80 79 85 85 85 85 85 85 85 85 77 76 75 74 73 71 70 70 68 68 68 68 68 68 68 68 65 65 64 63 62 61 60 59 64 64 64 64 64 64 64 64 58 58 58 58 58 58 58 58 62 62 62 62 62 62 62 62 62 63 66 69 73 77 80 81 79 80 81 82 83 84 85 86 90 90 91 92 94 95 96 96 96 94 92 90 90 92 94 96 87 104 100 107 128 110 100 136 185 192 209 235 254 252 231 210 190
165 168 164 159 167 173 152 121 88 84 81 84 90 92 87 82 86 86 86 86 86 86 86 86 86 86 86 86 86 86 86 86 86 85 84 83 82 81 80 79 83 83 83 83 83 83 83 83 78 78 77 75 74 73 72 71 72 72 72 72 72 72 72 72 67 67 67 67 66 66 65 65 70 70 70 70 70 70 70 70 66 66 66 66 66 66 66 66 70 70 70 70 70 70 70 70 66 67 70 72 76 79 81 82 79 80 81 82 83 84 85 86 90 90 91 92 94 95 96 96 96 94 92 90 90 92 94 96 88 105 100 106 126 108 98 133 184 190 208 234 253 251 230 209 188
162 168 165 160 165 172 157 132 92 86 81 82 87 90 87 82 86 86 86 86 86 86 86 86 86 86 86 86 86 86 86 86 86 85 84 83 82 81 80 79 82 82 82 82 82 82 82 82 80 79 78 77 76 74 73 73 73 73 73 73 73 73 73 73 70 70 70 70 71 71 72 72 75 75 75 75 75 75 75 75 72 72 72 72 72 72 72 72 75 75 75 75 75 75 75 75 71 72 74 76 78 80 82 83 79 80 81 82 83 84 85 86 90 90 91 92 94 95 96 96 96 94 92 90 90 92 94 96 88 105 99 105 124 105 94 129 182 189 207 232 251 250 228 207 187
160 168 167 160 164 172 162 142 96 89 81 81 85 88 86 82 86 86 86 86 86 86 86 86 86 86 86 86 86 86 86 86 86 85 84 83 82 81 80 79 80 80 80 80 80 80 80 80 81 81 80 78 77 76 75 74 72 72 72 72 72 72 72 72 72 72 73 74 75 76 77 78 76 76 76 76 76 76 76 76 75 75 75 75 75 75 75 75 78 78 78 78 78 78 78 78 76 76 77 79 80 82 83 84 79 80 81 82 83 84 85 86 90 90 91 92 94 95 96 96 96 94 92 90 90 92 94 96 89 105 99 104 122 103 91 126 181 188 205 231 250 248 227 206 185
157 167 168 160 162 171 165 149 99 91 82 79 83 86 85 82 86 86 86 86 86 86 86 86 86 86 86 86 86 86 86 86 86 85 84 83 82 81 80 79 79 79 79 79 79 79 79 79 82 82 81 79 78 77 76 75 70 70 70 70 70 70 70 70 73 74 75 77 79 80 81 82 76 76 76 76 76 76 76 76 76 76 76 76 76 76 76 76 79 79 79 79 79 79 79 79 79 79 80 81 82 83 84 84 79 80 81 82 83 84 85 86 90 90 91 92 94 95 96 96 96 94 92 90 90 92 94 96 89 105 99 103 121 101 89 124 180 187 204 230 249 247 226 205 184
156 167 168 160 162 171 167 153 101 92 82 79 82 86 85 82 86 86 86 86 86 86 86 86 86 86 86 86 86 86 86 86 86 85 84 83 82 81 80 79 79 79 79 79 79 79 79 79 83 82 81 80 78 77 76 76 68 68 68 68 68 68 68 68 74 75 77 78 80 82 84 85 75 75 75 75 75 75 75 75 75 75 75 75 75 75 75 75 79 79 79 79 79 79 79 79 81 81 82 82 83 84 84 85 79 80 81 82 83 84 85 86 90 90 91 92 94 95 96 96 96 94 92 90 90 92 94 96 89 106 99 103 120 100 88 122 179 186 204 229 248 247 225 204 184
160 162 164 166 166 164 162 160 113 91 77 82 84 77 78 87 79 80 81 82 83 85 86 86 83 83 83 83 83 83 83 83 82 82 81 80 78 77 76 76 79 79 79 79 79 79 79 79 76 76 76 76 76 76 76 76 75 75 74 73 71 70 69 69 71 71 73 75 77 79 80 81 76 76 76 76 76 76 76 76 81 80 79 77 75 73 71 71 76 76 77 78 80 81 82 82 86 86 86 86 86 86 86 86 79 80 81 82 83 84 85 86 93 93 93 93 93 93 93 93 93 93 93 93 93 93 93 93 88 99 111 115 111 105 103 103 160 208 211 208 249 255 225 203 184
160 162 164 166 166 164 162 160 114 91 78 82 83 76 77 86 79 79 80 81 83 84 85 86 82 82 82 82 82 82 82 82 82 82 81 80 78 77 76 76 79 79 79 79 79 79 79 79 76 76 76 76 76 76 76 76 75 75 74 73 71 70 69 69 70 71 72 74 76 77 78 79 75 75 75 75 75 75 75 75 79 79 78 76 74 73 71 71 76 76 77 78 80 81 82 82 86 86 86 86 86 86 86 86 79 80 81 82 83 84 85 86 93 93 93 93 93 93 93 93 93 93 93 93 93 93 93 93 95 106 118 122 118 112 110 110 162 209 211 207 247 255 225 202 184
160 162 164 166 166 164 162 160 115 93 78 82 83 76 76 85 78 78 79 80 82 83 84 85 81 81 81 81 81 81 81 81 82 82 81 80 78 77 76 76 78 78 78 78 78 78 78 78 76 76 76 76 76 76 76 76 75 75 74 73 71 70 69 69 70 70 71 72 73 74 75 75 73 73 73 73 73 73 73 73 77 76 76 75 73 72 72 71 76 76 77 78 80 81 82 82 85 85 85 85 85 85 85 85 79 80 81 82 83 84 85 86 92 92 92 92 92 92 92 92 93 93 93 93 93 93 93 93 86 97 109 113 109 103 101 101 164 209 210 204 244 255 223 201 184
160 162 164 166 166 164 162 160 117 94 79 82 83 75 74 83 76 77 78 79 80 82 83 83 80 80 80 80 80 80 80 80 82 82 81 80 78 77 76 76 76 76 76 76 76 76 76 76 76 76 76 76 76 76 76 76 75 75 74 73 71 70 69 69 69 69 69 70 70 71 71 71 70 70 70 70 70 70 70 70 74 74 73 73 73 72 72 72 76 76 77 78 80 81 82 82 83 83 83 83 83 83 83 83 79 80 81 82 83 84 85 86 90 90 90 90 90 90 90 90 93 93 93 93 93 93 93 93 82 93 105 110 105 99 97 97 166 211 209 201 240 254 221 200 184
160 162 164 166 166 164 162 160 119 96 81 83 82 73 73 81 75 75 76 78 79 80 81 82 78 78 78 78 78 78 78 78 82 82 81 80 78 77 76 76 75 75 75 75 75 75 75 75 76 76 76 76 76 76 76 76 75 75 74 73 71 70 69 69 68 68 68 67 67 66 66 66 67 67 67 67 67 67 67 67 70 70 71 71 71 72 72 72 76 76 77 78 80 81 82 82 82 82 82 82 82 82 82 82 79 80 81 82 83 84 85 86 89 89 89 89 89 89 89 89 93 93 93 93 93 93 93 93 89 100 112 117 113 107 104 105 169 212 207 198 236 250 219 199 184
160 162 164 166 166 164 162 160 121 97 82 83 82 72 71 79 73 74 75 76 78 79 80 80 77 77 77 77 77 77 77 77 82 82 81 80 78 77 76 76 73 73 73 73 73 73 73 73 76 76 76 76 76 76 76 76 75 75 74 73 71 70 69 69 67 67 66 65 64 63 62 62 64 64 64 64 64 64 64 64 67 68 68 69 71 72 72 73 76 76 77 78 80 81 82 82 80 80 80 80 80 80 80 80 79 80 81 82 83 84 85 86 87 87 87 87 87 87 87 87 93 93 93 93 93 93 93 93 84 95 107 111 107 101 99 99 172 213 206 195 232 247 217 198 184
160 162 164 166 166 164 162 160 122 99 82 83 82 72 70 78 72 73 74 75 77 78 79 79 76 76 76 76 76 76 76 76 82 82 81 80 78 77 76 76 72 72 72 72 72 72 72 72 76 76 76 76 76 76 76 76 75 75 74 73 71 70 69 69 67 66 65 63 61 60 59 58 62 62 62 62 62 62 62 62 65 65 66 68 70 71 73 73 76 76 77 78 80 81 82 82 79 79 79 79 79 79 79 79 79 80 81 82 83 84 85 86 86 86 86 86 86 86 86 86 93 93 93 93 93 93 93 93 95 106 118 123 118 112 110 110 174 214 205 192 230 245 215 197 184
160 162 164 166 166 164 162 160 123 99 83 84 82 71 69 77 72 72 73 75 76 77 78 79 75 75 75 75 75 75 75 75 82 82 81 80 78 77 76 76 72 72 72 72 72 72 72 72 76 76 76 76 76 76 76 76 75 75 74 73 71 70 69 69 66 66 64 62 60 58 57 56 61 61 61 61 61 61 61 61 63 64 65 67 69 71 73 73 76 76 77 78 80 81 82 82 79 79 79 79 79 79 79 79 79 80 81 82 83 84 85 86 86 86 86 86 86 86 86 86 93 93 93 93 93 93 93 93 133 144 156 160 156 150 148 148 175 214 205 191 228 243 214 197 184
161 157 156 160 165 166 159 152 106 96 83 76 76 77 74 70 73 72 71 72 74 77 81 84 81 80 80 79 79 78 78 77 82 82 81 80 78 77 76 76 72 72 72 72 72 72 72 72 72 73 74 75 76 77 78 79 79 79 79 79 79 79 79 79 68 67 66 65 63 62 61 61 65 65 65 65 65 65 65 65 64 65 66 67 68 70 71 71 79 79 79 79 79 79 79 79 79 79 79 79 79 79 79 79 76 76 77 78 80 81 82 82 83 83 84 85 87 88 89 89 89 81 87 101 94 79 90 118 197 220 243 245 227 209 203 205 205 203 198 204 228 241 216 179 177
161 157 156 160 165 166 159 152 107 96 83 77 77 77 75 71 74 73 72 72 73 77 80 83 80 80 79 79 79 79 78 78 82 82 81 80 78 77 76 76 72 72 72 72 72 72 72 72 72 73 74 75 76 77 78 79 79 79 79 79 79 79 79 79 71 71 70 68 67 66 65 64 66 66 66 66 66 66 66 66 67 68 69 70 71 73 74 74 79 79 79 79 79 79 79 79 79 79 79 79 79 79 79 79 76 76 77 78 80 81 82 82 83 83 84 85 87 88 89 89 95 88 89 93 82 75 100 136 214 233 249 247 228 211 206 208 206 203 197 202 226 242 220 184 181
161 157 156 160 165 166 159 152 108 97 85 78 78 78 76 72 76 74 73 72 73 76 79 81 78 78 79 79 79 79 80 80 82 82 81 80 78 77 76 76 72 72 72 72 72 72 72 72 72 73 74 75 76 77 78 79 80 80 80 80 80 80 80 80 77 76 75 74 72 71 70 70 68 68 68 68 68 68 68 68 72 72 73 74 76 77 78 79 79 79 79 79 79 79 79 79 79 79 79 79 79 79 79 79 76 76 77 78 80 81 82 82 83 83 84 85 87 88 89 89 99 95 90 81 68 77 123 173 238 249 255 247 228 212 208 211 205 201 192 197 222 241 223 189 185
161 157 156 160 165 166 159 152 109 99 86 79 79 80 77 73 77 76 74 72 73 75 78 79 77 77 78 79 79 80 81 81 82 82 81 80 78 77 76 76 72 72 72 72 72 72 72 72 72 73 74 75 76 77 78 79 82 82 82 82 82 82 82 82 82 81 80 79 77 76 75 75 71 71 71 71 71 71 71 71 75 76 77 78 80 81 82 82 79 79 79 79 79 79 79 79 79 79 79 79 79 79 79 79 76 76 77 78 80 81 82 82 83 83 84 85 87 88 89 89 93 94 87 72 66 95 160 217 254 255 255 244 225 211 208 210 202 196 187 191 217 237 220 188 183
161 157 156 160 165 166 159 152 111 100 87 81 81 81 78 75 79 78 75 73 72 74 76 77 75 75 76 78 80 82 83 83 82 82 81 80 78 77 76 76 72 72 72 72 72 72 72 72 72 73 74 75 76 77 78 79 83 83 83 83 83 83 83 83 84 84 83 82 80 79 78 78 73 73 73 73 73 73 73 73 77 77 78 80 81 82 83 84 79 79 79 79 79 79 79 79 79 79 79 79 79 79 79 79 76 76 77 78 80 81 82 82 83 83 84 85 87 88 89 89 82 88 84 72 80 128 200 253 255 255 251 239 224 213 209 209 199 195 187 192 217 235 216 182 178
161 157 156 160 165 166 159 152 112 101 89 82 82 83 80 76 81 79 76 73 72 73 74 76 73 74 75 78 80 83 84 85 82 82 81 80 78 77 76 76 72 72 72 72 72 72 72 72 72 73 74 75 76 77 78 79 85 85 85 85 85 85 85 85 85 84 83 82 81 79 78 78 76 76 76 76 76 76 76 76 76 76 77 79 80 81 82 83 79 79 79 79 79 79 79 79 79 79 79 79 79 79 79 79 76 76 77 78 80 81 82 82 83 83 84 85 87 88 89 89 76 86 87 84 108 167 230 255 255 253 247 239 231 222 216 213 204 202 198 204 227 240 215 177 176
161 157 156 160 165 166 159 152 113 102 90 83 83 84 81 77 83 80 77 73 72 72 73 74 71 72 75 77 81 83 86 87 82 82 81 80 78 77 76 76 72 72 72 72 72 72 72 72 72 73 74 75 76 77 78 79 86 86 86 86 86 86 86 86 83 83 82 81 79 78 77 77 78 78 78 78 78 78 78 78 73 74 75 76 78 79 80 80 79 79 79 79 79 79 79 79 79 79 79 79 79 79 79 79 76 76 77 78 80 81 82 82 83 83 84 85 87 88 89 89 79 91 95 101 138 199 243 255 253 251 248 246 244 238 229 223 216 217 216 224 245 252 220 177 180
161 157 156 160 165 166 159 152 114 103 90 84 84 84 81 78 84 81 77 74 72 71 72 73 70 72 74 77 81 84 86 88 82 82 81 80 78 77 76 76 72 72 72 72 72 72 72 72 72 73 74 75 76 77 78 79 86 86 86 86 86 86 86 86 82 82 81 79 78 77 76 75 79 79 79 79 79 79 79 79 72 72 73 74 76 77 78 79 79 79 79 79 79 79 79 79 79 79 79 79 79 79 79 79 76 76 77 78 80 81 82 82 83 83 84 85 87 88 89 89 85 97 103 114 157 217 246 243 251 250 251 253 254 250 240 232 226 229 231 239 255 255 225 179 184
164 160 158 160 164 164 156 149 113 103 92 86 88 90 88 84 105 84 62 56 67 80 84 82 97 91 86 83 79 75 78 85 81 80 79 77 75 73 71 71 69 69 69 69 69 69 69 69 76 76 77 78 80 81 82 83 83 83 83 83 83 83 83 83 79 79 79 79 79 79 79 79 75 75 75 75 75 75 75 75 70 71 73 74 77 78 80 81 83 83 83 83 83 83 83 83 79 79 79 79 79 79 79 79 76 76 77 78 80 81 82 82 86 87 88 89 90 92 93 93 83 91 111 144 185 223 249 255 254 254 254 254 254 254 254 254 253 248 247 251 250 234 204 179 175
164 160 158 160 164 164 156 149 113 103 92 86 88 90 88 84 73 77 81 81 80 79 81 83 147 150 127 85 67 78 83 75 79 79 78 76 74 73 71 71 69 69 69 69 69 69 69 69 75 76 77 78 79 81 82 82 82 82 82 82 82 82 82 82 79 79 79 79 79 79 79 79 76 76 76 76 76 76 76 76 71 72 73 75 76 78 79 80 82 82 82 82 82 82 82 82 79 79 79 79 79 79 79 79 76 76 77 78 80 81 82 82 86 86 87 88 90 91 92 93 82 102 137 178 215 240 251 253 254 254 254 254 254 254 254 254 251 248 249 255 255 239 207 182 177
164 160 158 160 164 164 156 149 113 103 92 86 88 90 88 84 64 77 88 87 79 81 99 117 173 179 150 93 65 78 84 72 77 76 76 75 73 72 72 71 69 69 69 69 69 69 69 69 74 75 76 77 78 80 81 81 81 81 81 81 81 81 81 81 79 79 79 79 79 79 79 79 77 77 77 77 77 77 77 77 73 73 74 75 76 77 78 78 81 81 81 81 81 81 81 81 78 78 78 78 78 78 78 78 76 76 77 78 80 81 82 82 85 85 86 87 89 90 91 92 75 110 164 216 250 255 253 245 254 254 254 254 254 254 254 254 250 249 253 255 255 241 206 178 170
164 160 158 160 164 164 156 149 113 103 92 86 88 90 88 84 87 84 78 71 77 101 138 165 145 140 132 117 93 73 72 83 74 74 73 73 73 72 72 72 69 69 69 69 69 69 69 69 73 73 74 76 77 78 79 80 80 80 80 80 80 80 80 80 79 79 79 79 79 79 79 79 78 78 78 78 78 78 78 78 75 75 75 75 76 76 76 76 80 80 80 80 80 80 80 80 76 76 76 76 76 76 76 76 76 76 77 78 80 81 82 82 83 84 85 86 87 89 90 90 63 107 172 231 255 255 255 246 254 254 254 254 254 254 254 254 253 252 255 255 255 234 196 166 173
164 160 158 160 164 164 156 149 113 103 92 86 88 90 88 84 97 85 76 83 108 139 161 172 112 92 114 155 134 67 51 88 70 70 71 71 71 72 72 72 69 69 69 69 69 69 69 69 71 72 73 74 75 77 78 78 78 78 78 78 78 78 78 78 79 79 79 79 79 79 79 79 80 80 80 80 80 80 80 80 76 76 76 76 75 75 75 75 78 78 78 78 78 78 78 78 75 75 75 75 75 75 75 75 76 76 77 78 80 81 82 82 82 82 83 85 86 87 88 89 53 100 167 224 254 255 255 254 254 254 254 254 254 254 254 254 255 254 254 255 250 226 188 159 178
164 160 158 160 164 164 156 149 113 103 92 86 88 90 88 84 83 85 97 125 154 163 151 134 104 94 125 170 143 67 44 77 67 68 68 69 71 72 72 73 69 69 69 69 69 69 69 69 70 70 71 73 74 75 76 77 77 77 77 77 77 77 77 77 79 79 79 79 79 79 79 79 81 81 81 81 81 81 81 81 78 78 77 76 75 74 73 73 77 77 77 77 77 77 77 77 73 73 73 73 73 73 73 73 76 76 77 78 80 81 82 82 80 81 82 83 85 86 87 87 56 103 168 221 247 255 255 255 254 254 254 254 254 254 254 254 255 254 250 251 248 229 197 171 168
164 160 158 160 164 164 156 149 113 103 92 86 88 90 88 84 82 99 126 150 159 147 125 106 99 125 144 132 100 74 63 61 65 65 66 68 70 71 73 73 69 69 69 69 69 69 69 69 69 69 70 72 73 74 75 76 76 76 76 76 76 76 76 76 79 79 79 79 79 79 79 79 82 82 82 82 82 82 82 82 80 79 78 76 75 73 72 71 76 76 76 76 76 76 76 76 72 72 72 72 72 72 72 72 76 76 77 78 80 81 82 82 79 80 81 82 84 85 86 86 72 120 186 234 253 255 254 255 254 254 254 254 254 254 254 254 255 252 247 249 252 243 221 201 188
164 160 158 160 164 164 156 149 113 103 92 86 88 90 88 84 99 120 142 146 132 116 108 108 84 147 152 82 49 80 87 51 63 64 65 67 69 71 73 73 69 69 69 69 69 69 69 69 68 69 70 71 73 74 75 75 75 75 75 75 75 75 75 75 79 79 79 79 79 79 79 79 83 83 83 83 83 83 83 83 81 80 78 77 74 73 71 70 75 75 75 75 75 75 75 75 72 72 72 72 72 72 72 72 76 76 77 78 80 81 82 82 79 79 80 82 83 84 85 86 86 137 204 251 255 255 251 249 254 254 254 254 254 254 254 254 255 249 244 250 255 255 242 228 242
159 168 167 159 162 168 158 137 100 104 103 93 84 86 101 116 123 148 164 144 103 80 90 111 126 113 92 71 59 56 59 62 60 60 61 61 62 62 63 63 65 66 67 68 69 71 72 72 72 72 72 72 72 72 72 72 72 73 74 75 76 78 79 79 79 79 79 79 79 79 79 79 83 83 83 83 83 83 83 83 79 79 79 79 79 79 79 79 79 79 78 76 75 74 73 72 72 72 72 72 72 72 72 72 77 77 77 76 75 75 74 74 69 72 76 80 83 84 84 83 65 128 204 245 246 242 255 255 254 239 225 227 242 255 255 255 255 255 255 255 255 255 255 255 255
159 167 166 158 161 168 157 137 94 99 101 94 89 98 123 145 166 146 121 108 110 120 129 133 107 98 84 70 63 61 64 67 61 61 61 61 62 62 62 62 64 65 66 67 68 70 71 71 72 72 72 72 72 72 72 72 72 72 73 74 76 77 78 79 79 79 79 79 79 79 79 79 82 82 82 82 82 82 82 82 79 79 79 79 79 79 79 79 79 78 77 76 74 73 72 72 72 72 72 72 72 72 72 72 76 76 76 75 75 75 74 74 70 72 77 81 84 85 84 83 36 105 195 253 255 255 252 255 255 255 255 255 255 255 251 243 244 244 244 243 241 238 234 233 221
158 166 165 157 160 167 156 136 91 94 96 99 108 126 149 167 174 129 87 92 131 157 145 120 83 80 75 70 67 67 68 69 62 62 62 62 61 61 61 61 62 63 64 65 66 68 69 69 71 71 71 71 71 71 71 71 71 71 72 73 75 76 77 78 78 78 78 78 78 78 78 78 81 81 81 81 81 81 81 81 78 78 78 78 78 78 78 78 78 77 76 75 73 72 71 71 71 71 71 71 71 71 71 71 73 74 74 74 74 74 75 75 71 73 78 82 85 86 85 84 71 120 187 235 250 243 230 223 232 235 238 237 235 238 246 253 255 255 255 255 255 255 245 239 219
157 165 164 156 159 165 155 134 100 92 92 110 140 160 162 155 135 112 100 119 150 152 115 75 70 71 71 71 70 68 65 64 64 64 63 62 61 60 59 59 59 60 61 62 64 65 66 66 69 69 69 69 69 69 69 69 69 70 71 72 73 75 76 76 76 76 76 76 76 76 76 76 80 80 80 80 80 80 80 80 76 76 76 76 76 76 76 76 76 76 75 73 72 71 70 69 69 69 69 69 69 69 69 69 70 71 71 72 73 74 75 75 72 75 79 83 86 87 86 86 76 86 102 115 121 123 122 121 115 114 110 105 112 142 188 222 234 236 239 240 238 233 227 224 212
155 163 162 154 157 164 153 133 113 98 95 125 166 180 155 124 117 127 140 145 135 111 83 64 70 72 73 73 70 65 59 56 66 65 64 62 61 59 58 57 57 57 58 59 61 62 63 64 68 68 68 68 68 68 68 68 68 68 69 71 72 73 74 75 75 75 75 75 75 75 75 75 78 78 78 78 78 78 78 78 75 75 75 75 75 75 75 75 75 74 73 72 71 69 68 68 68 68 68 68 68 68 68 68 67 67 69 70 72 74 75 76 73 76 81 85 88 88 88 87 92 91 93 98 107 116 121 124 122 123 121 118 126 156 200 233 167 165 162 161 163 168 173 177 183
154 162 161 153 156 163 152 132 119 110 112 136 165 168 141 111 142 153 155 134 100 79 81 92 75 75 75 73 69 64 59 56 68 67 65 63 60 58 56 55 54 54 55 57 58 59 60 61 66 66 66 66 66 66 66 66 66 67 68 69 71 72 73 73 73 73 73 73 73 73 73 73 77 77 77 77 77 77 77 77 73 73 73 73 73 73 73 73 73 73 72 71 69 68 67 66 66 66 66 66 66 66 66 66 64 65 66 69 71 74 75 76 75 77 82 86 89 90 89 89 106 130 166 200 221 227 224 220 218 226 236 241 242 243 247 251 192 188 183 182 186 195 205 212 209
153 161 160 152 155 162 151 131 111 123 136 141 137 131 130 131 158 148 127 103 84 80 88 97 77 75 73 71 69 67 66 66 69 68 66 63 60 57 55 54 52 52 53 55 56 57 58 59 65 65 65 65 65 65 65 65 65 66 67 68 70 71 72 72 72 72 72 72 72 72 72 72 76 76 76 76 76 76 76 76 72 72 72 72 72 72 72 72 72 72 71 70 68 67 66 65 65 65 65 65 65 65 65 65 61 62 65 67 70 73 75 77 76 78 83 87 90 91 90 90 66 110 173 223 245 244 234 227 224 229 238 249 254 248 233 220 254 254 254 255 255 255 255 255 255
152 160 159 151 154 161 150 130 101 132 155 142 109 98 125 158 148 120 91 82 91 96 86 72 75 73 71 69 69 71 74 76 70 69 66 63 60 57 54 53 51 51 52 54 55 56 57 58 65 65 65 65 65 65 65 65 65 65 66 68 69 70 71 72 72 72 72 72 72 72 72 72 75 75 75 75 75 75 75 75 72 72 72 72 72 72 72 72 72 71 70 69 68 66 65 65 65 65 65 65 65 65 65 65 60 61 64 67 70 73 76 77 76 79 83 88 90 91 91 90 81 126 187 228 240 234 226 223 233 227 226 238 255 255 255 255 246 250 255 255 255 255 248 244 253
156 151 153 164 174 166 140 116 128 117 109 113 128 143 149 149 98 96 93 88 84 79 76 74 75 75 74 73 71 70 69 68 65 65 65 65 65 65 65 65 58 57 56 55 54 52 51 51 57 58 59 61 63 65 67 67 60 62 64 67 71 74 76 77 69 69 70 72 73 74 75 76 76 76 76 76 76 76 76 76 69 69 69 69 69 69 69 69 66 66 66 66 66 66 66 66 58 58 59 61 62 63 64 65 65 66 68 70 73 76 78 79 88 87 87 86 86 85 85 84 89 139 201 238 243 237 239 246 240 241 240 235 224 208 193 184 174 167 156 144 135 130 128 128 133
156 161 162 155 144 135 135 137 145 122 103 109 131 143 133 117 97 96 92 88 84 80 76 75 76 75 74 73 72 70 69 69 65 65 65 65 65 65 65 65 58 58 57 56 54 53 52 51 55 56 57 58 60 62 63 64 59 61 63 66 69 72 74 75 67 68 69 70 71 73 74 74 74 74 74 74 74 74 74 74 67 67 67 67 67 67 67 67 63 63 63 63 63 63 63 63 58 59 60 61 63 64 65 65 65 67 68 71 74 76 78 79 87 87 86 86 86 86 85 85 83 108 136 148 143 134 133 137 132 132 130 125 113 99 84 75 63 58 52 45 41 40 41 43 39
156 168 169 146 116 109 133 161 134 106 84 95 125 136 115 87 96 94 92 88 84 80 78 76 77 76 75 74 73 71 70 70 65 65 65 65 65 65 65 65 59 59 58 57 55 54 53 52 52 52 53 54 55 56 57 58 58 59 61 63 65 68 70 71 64 65 66 67 68 70 71 71 71 71 71 71 71 71 71 71 64 64 64 64 64 64 64 64 58 58 58 58 58 58 58 58 59 60 61 62 64 65 66 66 67 68 70 72 75 77 79 80 85 85 86 86 86 86 87 87 84 79 71 61 52 47 46 46 40 42 43 43 38 30 21 15 55 53 52 52 53 57 61 63 66
155 164 164 144 119 117 141 168 96 80 70 83 108 117 102 83 94 93 90 88 84 82 79 78 78 78 77 75 74 73 72 71 65 65 65 65 65 65 65 65 61 60 59 58 57 55 54 54 50 50 51 51 51 52 52 52 56 56 58 59 61 63 64 65 60 61 62 63 64 66 67 67 67 67 67 67 67 67 67 67 60 60 60 60 60 60 60 60 55 55 55 55 55 55 55 55 61 61 62 64 65 66 67 68 68 69 71 73 76 79 81 82 84 84 85 86 86 87 88 88 96 76 52 39 39 42 40 36 34 38 43 49 52 53 52 51 60 61 63 66 70 74 77 80 83
155 154 152 149 148 149 152 154 83 85 88 92 95 95 93 91 92 91 89 87 85 83 81 80 80 79 78 77 76 74 73 73 65 65 65 65 65 65 65 65 62 62 61 59 58 57 56 55 51 51 50 50 49 49 49 49 53 54 54 55 56 57 58 58 56 56 57 59 60 61 62 63 63 63 63 63 63 63 63 63 56 56 56 56 56 56 56 56 53 53 53 53 53 53 53 53 62 63 64 65 66 68 69 69 69 70 72 75 78 80 82 83 82 82 83 85 87 89 90 90 108 87 64 56 62 66 60 51 58 61 64 69 72 74 75 75 59 60 64 67 70 72 73 74 69
155 147 145 156 171 170 151 131 105 110 112 104 91 83 86 92 90 89 88 87 85 84 83 82 81 81 80 78 77 76 75 74 65 65 65 65 65 65 65 65 64 63 62 61 59 58 57 57 54 53 52 51 50 49 48 48 51 51 51 52 52 52 52 52 52 52 53 55 56 57 58 59 59 59 59 59 59 59 59 59 52 52 52 52 52 52 52 52 54 54 54 54 54 54 54 54 64 64 65 66 68 69 70 71 71 72 74 76 79 81 83 84 80 81 82 85 87 90 91 92 110 94 75 66 66 64 55 45 58 57 56 54 53 52 51 50 64 67 72 76 79 79 79 78 82
158 151 149 159 170 163 137 113 117 112 102 94 88 86 86 86 89 88 87 87 85 85 84 83 82 82 81 79 78 77 76 75 65 65 65 65 65 65 65 65 65 64 63 62 60 59 58 58 57 57 56 54 52 51 49 49 50 49 49 49 49 48 48 48 49 49 50 52 53 54 55 56 56 56 56 56 56 56 56 56 49 49 49 49 49 49 49 49 57 57 57 57 57 57 57 57 65 65 66 67 69 70 71 72 72 73 75 77 80 83 84 86 78 79 82 84 88 90 93 94 104 92 75 62 54 50 46 43 50 49 48 48 50 52 55 56 55 60 67 75 80 82 81 80 79
160 157 156 159 158 146 123 104 108 90 72 71 83 92 89 81 88 88 87 86 86 85 84 84 83 82 81 80 78 77 76 76 65 65 65 65 65 65 65 65 65 65 64 62 61 60 59 58 60 59 58 56 54 52 51 50 49 48 48 47 47 46 46 45 47 48 49 50 51 53 54 54 54 54 54 54 54 54 54 54 47 47 47 47 47 47 47 47 58 58 58 58 58 58 58 58 65 66 67 68 69 71 72 72 72 73 75 78 81 83 85 86 77 79 81 84 88 91 93 95 98 89 74 58 47 46 51 57 53 55 59 67 76 87 96 101 104 110 120 131 139 142 143 143 109
162 148 146 158 153 123 92 78 90 90 90 90 90 90 90 90 86 85 84 83 82 80 79 79 79 78 77 76 75 73 72 72 75 75 74 73 71 70 69 69 65 65 65 65 65 65 65 65 62 62 62 62 62 62 62 62 54 54 54 54 54 54 54 54 50 50 50 50 50 50 50 50 54 54 54 54 54 54 54 54 58 58 58 58 58 58 58 58 58 59 60 61 62 63 64 65 65 66 67 68 69 70 71 72 73 75 78 81 83 82 81 80 77 76 78 85 92 92 84 76 92 132 121 89 86 72 57 72 97 117 146 172 189 200 210 217 218 223 221 216 222 225 203 173 123
161 151 150 154 140 108 86 81 90 90 90 90 90 90 90 90 86 86 85 84 82 81 80 79 79 79 78 77 75 74 73 72 75 75 74 73 71 70 69 69 65 65 65 65 65 65 65 65 62 62 62 62 62 62 62 62 55 55 55 55 55 55 55 55 53 53 53 53 53 53 53 53 57 57 57 57 57 57 57 57 58 58 58 58 58 58 58 58 58 59 60 61 62 63 64 65 65 66 67 68 69 70 71 72 73 75 78 81 83 82 81 80 81 80 80 86 91 90 81 72 128 189 193 145 108 73 65 96 125 143 169 190 202 209 216 221 215 220 218 213 219 222 200 171 111
159 155 155 149 121 87 76 86 90 90 90 90 90 90 90 90 87 87 86 85 83 82 81 80 80 80 79 78 76 75 74 73 75 75 74 73 71 70 69 69 65 65 65 65 65 65 65 65 62 62 62 62 62 62 62 62 56 56 56 56 56 56 56 56 58 58 58 58 58 58 58 58 61 61 61 61 61 61 61 61 59 59 59 59 59 59 59 59 58 59 60 61 62 63 64 65 65 66 67 68 69 70 71 72 73 75 78 81 83 82 81 80 87 84 84 87 90 86 76 66 119 206 231 173 107 55 56 105 146 163 186 202 209 211 214 217 210 216 214 209 214 217 196 166 97
157 158 159 145 105 68 67 89 90 90 90 90 90 90 90 90 89 88 87 86 85 83 82 82 82 81 80 79 78 76 75 75 75 75 74 73 71 70 69 69 65 65 65 65 65 65 65 65 62 62 62 62 62 62 62 62 57 57 57 57 57 57 57 57 61 61 61 61 61 61 61 61 65 65 65 65 65 65 65 65 61 61 61 61 61 61 61 61 58 59 60 61 62 63 64 65 65 66 67 68 69 70 71 72 73 75 78 81 83 82 81 80 92 89 86 88 89 83 72 61 85 185 222 171 102 49 55 109 145 161 183 198 203 204 206 208 207 212 210 205 211 214 192 162 89
