135 143 149 140 116 88 65 53 39 40 41 43 45 47 48 49 44 44 43 41 40 39 38 37 34 34 34 34 34 34 34 34 34 34 34 34 34 34 34 34 30 30 30 30 30 30 30 30 34 34 34 34 34 34 34 34 33 33 32 31 29 28 27 27 27 27 27 27 27 27 27 27 27 27 27 27 27 27 27 27 27 27 28 29 31 32 33 33 34 34 35 36 38 39 40 40 41 41 42 43 45 46 47 47 44 45 46 47 48 49 50 51 55 56 58 60 63 66 68 69 82 84 98 116 129 152 203 254 255 255 255 255 255 255 254 250 254 254 254 254 254 254 254 254 254
139 145 147 135 110 82 60 49 40 40 42 43 45 46 48 48 44 43 42 41 39 38 37 37 34 34 34 34 34 34 34 34 34 34 34 34 34 34 34 34 30 30 30 30 30 30 30 30 34 34 34 34 34 34 34 34 33 33 32 31 29 28 27 27 27 27 27 27 27 27 27 27 27 27 27 27 27 27 27 27 27 27 28 29 31 32 33 33 34 34 35 36 38 39 40 40 41 41 42 43 45 46 47 47 44 45 46 47 48 49 50 51 54 55 57 60 62 65 67 68 77 78 89 105 118 141 194 245 255 253 250 251 254 255 255 255 254 254 254 254 254 254 254 254 254
144 147 143 127 99 71 52 43 41 42 42 43 45 46 46 47 43 42 41 40 38 37 36 36 34 34 34 34 34 34 34 34 34 34 34 34 34 34 34 34 30 30 30 30 30 30 30 30 34 34 34 34 34 34 34 34 33 33 32 31 29 28 27 27 27 27 27 27 27 27 27 27 27 27 27 27 27 27 27 27 27 27 28 29 31 32 33 33 34 34 35 36 38 39 40 40 41 41 42 43 45 46 47 47 44 45 46 47 48 49 50 51 53 54 56 59 61 64 66 67 71 70 79 93 103 127 179 231 249 248 247 248 250 254 255 255 254 254 254 254 254 254 254 254 254
149 147 137 115 85 59 44 38 43 43 43 44 44 45 45 45 41 41 40 38 37 36 35 34 34 34 34 34 34 34 34 34 34 34 34 34 34 34 34 34 30 30 30 30 30 30 30 30 34 34 34 34 34 34 34 34 33 33 32 31 29 28 27 27 27 27 27 27 27 27 27 27 27 27 27 27 27 27 27 27 27 27 28 29 31 32 33 33 34 34 35 36 38 39 40 40 41 41 42 43 45 46 47 47 44 45 46 47 48 49 50 51 52 53 55 57 60 63 65 66 69 68 75 86 93 114 163 214 249 252 254 252 250 252 255 255 254 254 254 254 254 254 254 254 254
150 144 128 101 71 48 38 35 45 45 45 44 44 43 43 43 40 39 38 37 36 34 33 33 34 34 34 34 34 34 34 34 34 34 34 34 34 34 34 34 30 30 30 30 30 30 30 30 34 34 34 34 34 34 34 34 33 33 32 31 29 28 27 27 27 27 27 27 27 27 27 27 27 27 27 27 27 27 27 27 27 27 28 29 31 32 33 33 34 34 35 36 38 39 40 40 41 41 42 43 45 46 47 47 44 45 46 47 48 49 50 51 50 51 53 56 59 61 63 64 70 70 77 86 89 102 145 190 248 255 255 255 254 250 253 255 254 254 254 254 254 254 254 254 254
149 139 118 88 58 40 34 36 47 46 46 45 43 42 42 41 38 38 37 36 34 33 32 31 34 34 34 34 34 34 34 34 34 34 34 34 34 34 34 34 30 30 30 30 30 30 30 30 34 34 34 34 34 34 34 34 33 33 32 31 29 28 27 27 27 27 27 27 27 27 27 27 27 27 27 27 27 27 27 27 27 27 28 29 31 32 33 33 34 34 35 36 38 39 40 40 41 41 42 43 45 46 47 47 44 45 46 47 48 49 50 51 49 50 52 55 57 60 62 63 68 70 79 88 85 88 121 160 231 247 255 255 255 249 249 254 254 254 254 254 254 254 254 254 254
145 133 109 77 49 34 34 38 48 48 46 45 43 42 40 40 37 37 36 35 33 32 31 30 34 34 34 34 34 34 34 34 34 34 34 34 34 34 34 34 30 30 30 30 30 30 30 30 34 34 34 34 34 34 34 34 33 33 32 31 29 28 27 27 27 27 27 27 27 27 27 27 27 27 27 27 27 27 27 27 27 27 28 29 31 32 33 33 34 34 35 36 38 39 40 40 41 41 42 43 45 46 47 47 44 45 46 47 48 49 50 51 48 49 51 54 56 59 61 62 61 65 78 87 79 73 95 127 199 225 254 255 255 248 247 252 254 254 254 254 254 254 254 254 254
143 130 104 72 44 32 34 41 49 48 47 45 43 41 40 39 37 36 35 34 33 31 30 30 34 34 34 34 34 34 34 34 34 34 34 34 34 34 34 34 30 30 30 30 30 30 30 30 34 34 34 34 34 34 34 34 33 33 32 31 29 28 27 27 27 27 27 27 27 27 27 27 27 27 27 27 27 27 27 27 27 27 28 29 31 32 33 33 34 34 35 36 38 39 40 40 41 41 42 43 45 46 47 47 44 45 46 47 48 49 50 51 47 48 50 53 56 58 60 61 54 61 76 85 74 62 77 105 173 204 242 255 255 248 247 252 254 254 254 254 254 254 254 254 254
142 112 74 49 44 46 46 43 49 48 45 42 39 36 33 32 34 34 34 34 34 34 34 34 34 34 34 34 34 34 34 34 34 34 34 34 34 34 34 34 34 34 34 34 34 34 34 34 30 30 30 30 30 30 30 30 35 34 33 31 29 27 26 25 26 26 26 26 26 26 26 26 26 27 28 29 31 32 33 33 33 33 32 31 29 28 27 26 30 31 32 33 34 35 36 37 37 38 39 40 41 42 43 44 48 48 49 50 52 53 54 54 55 55 56 57 59 60 61 61 65 66 68 71 73 76 78 79 80 116 170 219 248 255 252 246 255 253 248 247 250 252 251 248 255
131 103 67 46 42 46 46 43 48 47 44 42 39 36 34 32 34 34 34 34 34 34 34 34 34 34 34 34 34 34 34 34 34 34 34 34 34 34 34 34 34 34 34 34 34 34 34 34 30 30 30 30 30 30 30 30 34 34 32 31 29 28 26 26 27 27 27 27 27 27 27 27 27 27 28 30 31 32 33 34 34 33 32 31 30 28 27 27 30 31 32 33 34 35 36 37 37 38 39 40 41 42 43 44 48 48 49 50 52 53 54 54 55 55 56 57 59 60 61 61 65 66 68 71 73 76 78 79 62 77 111 162 214 247 255 253 255 255 251 250 252 255 255 255 255
113 88 57 41 41 46 45 42 45 44 43 40 38 35 34 33 34 34 34 34 34 34 34 34 34 34 34 34 34 34 34 34 34 34 34 34 34 34 34 34 34 34 34 34 34 34 34 34 30 30 30 30 30 30 30 30 33 32 32 31 29 28 28 27 28 28 28 28 28 28 28 28 28 28 29 31 32 33 34 35 35 34 33 32 31 29 28 28 30 31 32 33 34 35 36 37 37 38 39 40 41 42 43 44 48 48 49 50 52 53 54 54 55 55 56 57 59 60 61 61 65 66 68 71 73 76 78 79 68 58 63 102 164 220 248 255 255 252 247 244 244 248 253 255 252
93 72 48 37 40 46 45 40 42 42 40 39 37 35 34 33 34 34 34 34 34 34 34 34 34 34 34 34 34 34 34 34 34 34 34 34 34 34 34 34 34 34 34 34 34 34 34 34 30 30 30 30 30 30 30 30 31 31 31 30 30 29 29 29 29 29 29 29 29 29 29 29 29 30 31 32 33 35 36 36 36 36 35 33 32 31 30 29 30 31 32 33 34 35 36 37 37 38 39 40 41 42 43 44 48 48 49 50 52 53 54 54 55 55 56 57 59 60 61 61 65 66 68 71 73 76 78 79 96 77 61 73 115 172 219 245 244 244 241 234 229 229 234 240 234
79 61 42 36 42 47 43 37 39 38 38 37 36 35 34 34 34 34 34 34 34 34 34 34 34 34 34 34 34 34 34 34 34 34 34 34 34 34 34 34 34 34 34 34 34 34 34 34 30 30 30 30 30 30 30 30 29 29 29 30 30 31 31 31 31 31 31 31 31 31 31 31 31 31 32 34 35 36 37 38 38 37 36 35 34 32 31 31 30 31 32 33 34 35 36 37 37 38 39 40 41 42 43 44 48 48 49 50 52 53 54 54 55 55 56 57 59 60 61 61 65 66 68 71 73 76 78 79 99 90 75 65 76 119 178 222 238 243 245 239 228 222 225 231 228
70 55 40 38 45 48 42 34 36 35 35 35 35 35 34 34 34 34 34 34 34 34 34 34 34 34 34 34 34 34 34 34 34 34 34 34 34 34 34 34 34 34 34 34 34 34 34 34 30 30 30 30 30 30 30 30 27 28 28 29 31 32 32 33 32 32 32 32 32 32 32 32 32 33 34 35 36 38 39 39 39 39 38 36 35 34 33 32 30 31 32 33 34 35 36 37 37 38 39 40 41 42 43 44 48 48 49 50 52 53 54 54 55 55 56 57 59 60 61 61 65 66 68 71 73 76 78 79 77 81 77 63 58 83 135 179 229 243 255 254 243 234 235 240 240
67 54 42 41 48 50 41 31 33 33 33 34 34 34 35 35 34 34 34 34 34 34 34 34 34 34 34 34 34 34 34 34 34 34 34 34 34 34 34 34 34 34 34 34 34 34 34 34 30 30 30 30 30 30 30 30 26 26 28 29 31 32 34 34 33 33 33 33 33 33 33 33 33 34 35 36 37 39 40 40 40 40 39 37 36 35 34 33 30 31 32 33 34 35 36 37 37 38 39 40 41 42 43 44 48 48 49 50 52 53 54 54 55 55 56 57 59 60 61 61 65 66 68 71 73 76 78 79 73 77 77 70 66 75 98 119 203 227 253 255 254 246 247 253 252
67 55 44 44 51 51 41 29 32 32 32 33 34 34 35 35 34 34 34 34 34 34 34 34 34 34 34 34 34 34 34 34 34 34 34 34 34 34 34 34 34 34 34 34 34 34 34 34 30 30 30 30 30 30 30 30 25 26 27 29 31 33 34 35 34 34 34 34 34 34 34 34 34 34 35 36 38 39 40 41 41 40 39 38 36 35 34 34 30 31 32 33 34 35 36 37 37 38 39 40 41 42 43 44 48 48 49 50 52 53 54 54 55 55 56 57 59 60 61 61 65 66 68 71 73 76 78 79 91 88 84 83 83 80 75 71 175 205 241 255 255 249 251 255 255
63 59 53 47 42 40 39 39 34 34 34 34 34 34 34 34 34 34 34 34 34 34 34 34 33 33 33 33 33 33 33 33 30 30 30 30 30 30 30 30 30 30 30 30 30 30 30 30 33 33 33 33 33 33 33 33 34 34 34 34 34 34 34 34 30 30 31 33 34 35 36 37 40 40 40 40 40 40 40 40 40 40 39 38 36 35 34 33 33 33 33 33 33 33 33 33 41 41 42 43 45 46 47 47 48 48 49 50 52 53 54 54 58 59 60 61 62 63 64 65 62 63 65 67 70 72 74 75 77 80 85 86 82 73 63 56 108 194 254 247 240 255 255 239 254
61 58 52 46 42 40 39 39 34 34 34 34 34 34 34 34 34 34 34 34 34 34 34 34 34 34 34 34 34 34 34 34 30 30 30 30 30 30 30 30 30 30 30 30 30 30 30 30 34 34 34 34 34 34 34 34 34 34 34 34 34 34 34 34 30 31 32 33 35 36 37 37 41 41 41 41 41 41 41 41 41 40 39 38 37 35 34 34 34 34 34 34 34 34 34 34 41 41 42 43 45 46 47 47 48 48 49 50 52 53 54 54 58 59 60 61 62 63 64 65 62 63 65 67 70 72 74 75 75 78 83 85 82 75 67 62 66 131 194 221 243 255 255 250 254
59 56 50 45 41 39 39 39 34 34 34 34 34 34 34 34 34 34 34 34 34 34 34 34 35 35 35 35 35 35 35 35 31 31 31 31 31 31 31 31 31 31 31 31 31 31 31 31 35 35 35 35 35 35 35 35 34 34 34 34 34 34 34 34 31 32 33 34 36 37 38 38 42 42 42 42 42 42 42 42 42 41 40 39 38 36 35 35 36 36 36 36 36 36 36 36 41 41 42 43 45 46 47 47 48 48 49 50 52 53 54 54 58 59 60 61 62 63 64 65 62 63 65 67 70 72 74 75 71 75 80 83 83 79 74 70 42 70 121 183 237 255 255 252 254
56 53 48 43 40 39 39 40 34 34 34 34 34 34 34 34 34 34 34 34 34 34 34 34 36 36 36 36 36 36 36 36 33 33 33 33 33 33 33 33 33 33 33 33 33 33 33 33 36 36 36 36 36 36 36 36 34 34 34 34 34 34 34 34 33 33 34 36 37 38 39 40 43 43 43 43 43 43 43 43 43 43 42 40 39 38 37 36 39 39 39 39 39 39 39 39 41 41 42 43 45 46 47 47 48 48 49 50 52 53 54 54 58 59 60 61 62 63 64 65 62 63 65 67 70 72 74 75 70 73 78 82 83 82 80 78 64 51 74 144 215 247 251 251 254
52 50 45 42 39 39 39 40 34 34 34 34 34 34 34 34 34 34 34 34 34 34 34 34 38 38 38 38 38 38 38 38 34 34 34 34 34 34 34 34 34 34 34 34 34 34 34 34 38 38 38 38 38 38 38 38 34 34 34 34 34 34 34 34 34 35 36 37 38 40 41 41 45 45 45 45 45 45 45 45 45 44 43 42 41 39 38 38 42 42 42 42 42 42 42 42 41 41 42 43 45 46 47 47 48 48 49 50 52 53 54 54 58 59 60 61 62 63 64 65 62 63 65 67 70 72 74 75 72 74 77 80 83 84 84 84 93 60 55 108 180 228 251 255 254
49 47 43 40 38 38 40 41 34 34 34 34 34 34 34 34 34 34 34 34 34 34 34 34 39 39 39 39 39 39 39 39 36 36 36 36 36 36 36 36 36 36 36 36 36 36 36 36 39 39 39 39 39 39 39 39 34 34 34 34 34 34 34 34 36 36 37 38 40 41 42 43 46 46 46 46 46 46 46 46 46 46 45 43 42 41 40 39 45 45 45 45 45 45 45 45 41 41 42 43 45 46 47 47 48 48 49 50 52 53 54 54 58 59 60 61 62 63 64 65 62 63 65 67 70 72 74 75 76 77 78 80 82 84 85 86 95 72 56 79 140 208 254 255 254
46 44 41 38 37 38 40 41 34 34 34 34 34 34 34 34 34 34 34 34 34 34 34 34 40 40 40 40 40 40 40 40 37 37 37 37 37 37 37 37 37 37 37 37 37 37 37 37 40 40 40 40 40 40 40 40 34 34 34 34 34 34 34 34 37 37 38 39 41 42 43 44 47 47 47 47 47 47 47 47 47 47 46 44 43 42 41 40 47 47 47 47 47 47 47 47 41 41 42 43 45 46 47 47 48 48 49 50 52 53 54 54 58 59 60 61 62 63 64 65 62 63 65 67 70 72 74 75 82 81 80 80 81 83 85 86 82 86 73 61 101 181 239 253 254
45 43 40 38 37 38 40 41 34 34 34 34 34 34 34 34 34 34 34 34 34 34 34 34 41 41 41 41 41 41 41 41 37 37 37 37 37 37 37 37 37 37 37 37 37 37 37 37 41 41 41 41 41 41 41 41 34 34 34 34 34 34 34 34 37 38 39 40 41 43 44 44 48 48 48 48 48 48 48 48 48 47 46 45 43 42 41 41 48 48 48 48 48 48 48 48 41 41 42 43 45 46 47 47 48 48 49 50 52 53 54 54 58 59 60 61 62 63 64 65 62 63 65 67 70 72 74 75 86 84 82 80 80 81 84 85 73 101 91 56 76 156 214 221 254
39 38 36 35 32 31 29 28 37 37 37 37 37 37 37 37 37 37 37 37 37 37 37 37 41 41 41 41 41 41 41 41 40 40 40 40 40 40 40 40 44 44 44 44 44 44 44 44 44 43 42 41 40 38 37 37 37 37 38 40 41 42 43 44 45 43 40 38 37 38 40 42 51 51 51 51 51 51 51 51 47 47 47 47 47 47 47 47 47 48 49 50 51 53 54 54 46 46 46 47 48 48 49 49 51 52 53 54 55 56 57 58 58 59 60 61 62 63 64 65 65 66 67 68 69 70 71 72 72 73 75 78 80 83 85 86 96 82 82 86 71 76 153 246 255
38 37 36 34 33 31 30 29 37 37 37 37 37 37 37 37 37 37 37 37 37 37 37 37 41 41 41 41 41 41 41 41 41 41 41 41 41 41 41 41 45 45 45 45 45 45 45 45 44 44 43 42 40 39 38 37 37 38 39 40 42 43 44 44 45 43 41 39 38 40 42 43 52 52 52 52 52 52 52 52 49 49 49 49 49 49 49 49 48 49 50 51 53 54 55 55 47 48 48 48 48 49 49 49 51 52 53 54 55 56 57 58 58 59 60 61 62 63 64 65 65 66 67 68 69 70 71 72 72 73 75 78 80 83 85 86 95 84 87 90 71 67 129 209 244
36 36 35 34 33 32 31 31 37 37 37 37 37 37 37 37 37 37 37 37 37 37 37 37 41 41 41 41 41 41 41 41 42 42 42 42 42 42 42 42 47 47 47 47 47 47 47 47 45 45 44 43 41 40 39 38 38 39 40 41 43 44 45 45 46 44 42 40 41 43 45 47 54 54 54 54 54 54 54 54 52 52 52 52 52 52 52 52 50 51 52 53 55 56 57 57 51 51 51 50 50 50 50 50 51 52 53 54 55 56 57 58 58 59 60 61 62 63 64 65 65 66 67 68 69 70 71 72 72 73 75 78 80 83 85 86 91 87 94 97 76 62 102 160 235
34 34 34 34 33 33 33 33 37 37 37 37 37 37 37 37 37 37 37 37 37 37 37 37 41 41 41 41 41 41 41 41 43 43 43 43 43 43 43 43 50 50 50 50 50 50 50 50 47 46 45 44 43 41 40 40 40 40 41 43 44 45 46 47 47 45 43 43 44 46 49 51 57 57 57 57 57 57 57 57 56 56 56 56 56 56 56 56 53 54 55 56 57 59 60 60 56 55 54 54 53 52 51 51 51 52 53 54 55 56 57 58 58 59 60 61 62 63 64 65 65 66 67 68 69 70 71 72 72 73 75 78 80 83 85 86 85 88 100 106 88 71 90 126 228
33 33 33 33 34 34 34 34 37 37 37 37 37 37 37 37 37 37 37 37 37 37 37 37 41 41 41 41 41 41 41 41 45 45 45 45 45 45 45 45 52 52 52 52 52 52 52 52 48 48 47 45 44 43 42 41 41 42 43 44 45 47 48 48 47 46 45 45 47 50 54 56 59 59 59 59 59 59 59 59 60 60 60 60 60 60 60 60 56 56 57 59 60 61 62 63 60 60 58 57 55 53 52 51 51 52 53 54 55 56 57 58 58 59 60 61 62 63 64 65 65 66 67 68 69 70 71 72 72 73 75 78 80 83 85 86 79 87 103 111 101 89 96 114 206
31 31 32 33 34 35 36 36 37 37 37 37 37 37 37 37 37 37 37 37 37 37 37 37 41 41 41 41 41 41 41 41 46 46 46 46 46 46 46 46 55 55 55 55 55 55 55 55 50 49 48 47 45 44 43 43 43 43 44 45 47 48 49 50 48 47 47 47 50 54 58 61 62 62 62 62 62 62 62 62 64 64 64 64 64 64 64 64 59 59 60 61 63 64 65 66 65 64 62 60 57 55 53 52 51 52 53 54 55 56 57 58 58 59 60 61 62 63 64 65 65 66 67 68 69 70 71 72 72 73 75 78 80 83 85 86 79 88 101 108 107 104 106 112 173
29 30 31 33 34 36 37 38 37 37 37 37 37 37 37 37 37 37 37 37 37 37 37 37 41 41 41 41 41 41 41 41 47 47 47 47 47 47 47 47 57 57 57 57 57 57 57 57 51 50 49 48 46 45 44 44 44 44 45 46 48 49 50 51 49 48 48 49 52 57 61 64 64 64 64 64 64 64 64 64 67 67 67 67 67 67 67 67 61 61 62 63 65 66 67 68 68 67 65 62 59 56 54 53 51 52 53 54 55 56 57 58 58 59 60 61 62 63 64 65 65 66 67 68 69 70 71 72 72 73 75 78 80 83 85 86 85 91 97 99 102 107 108 106 151
28 29 31 32 35 36 38 39 37 37 37 37 37 37 37 37 37 37 37 37 37 37 37 37 41 41 41 41 41 41 41 41 48 48 48 48 48 48 48 48 58 58 58 58 58 58 58 58 51 51 50 48 47 46 45 44 44 45 46 47 48 50 51 51 49 49 49 50 54 58 63 66 65 65 65 65 65 65 65 65 69 69 69 69 69 69 69 69 62 62 63 65 66 67 68 69 70 69 67 63 60 57 55 53 51 52 53 54 55 56 57 58 58 59 60 61 62 63 64 65 65 66 67 68 69 70 71 72 72 73 75 78 80 83 85 86 90 94 93 91 95 104 106 100 146
33 34 35 36 38 39 40 40 40 40 39 38 36 35 34 33 38 38 38 37 37 36 35 35 40 40 40 40 40 40 40 40 44 45 47 49 52 55 57 58 62 61 60 59 57 56 55 55 52 52 50 48 46 44 43 42 44 44 45 47 48 49 50 51 54 55 57 60 63 65 67 68 72 72 72 72 72 72 72 72 72 72 72 72 72 72 72 72 72 72 72 72 72 72 72 72 72 71 69 66 64 61 59 58 58 58 58 58 58 58 58 58 61 62 63 64 66 67 68 68 72 72 73 75 76 77 78 79 79 79 80 82 83 84 85 86 89 89 91 94 100 106 113 117 148
34 34 35 37 38 39 40 41 41 40 39 38 37 35 34 34 38 38 38 38 37 37 37 37 41 41 41 41 41 41 41 41 44 46 47 50 53 55 57 58 61 61 60 58 57 56 55 54 52 52 50 49 47 45 44 44 45 45 46 48 49 50 51 52 55 56 58 61 64 66 68 69 72 72 72 72 72 72 72 72 72 72 72 72 72 72 72 72 72 72 72 72 72 72 72 72 72 71 69 66 64 61 59 58 58 58 58 58 58 58 58 58 62 62 63 65 66 67 68 69 72 73 74 75 77 78 79 79 79 80 81 82 84 85 86 86 89 90 91 95 100 107 113 117 151
35 35 36 38 39 40 41 42 42 41 40 39 38 36 35 35 38 38 38 38 39 39 39 39 42 42 42 42 42 42 42 42 46 47 49 51 54 56 58 59 60 60 59 57 56 55 54 53 52 51 51 50 48 47 47 46 47 47 48 50 51 52 53 54 57 58 60 63 66 68 70 71 73 73 73 73 73 73 73 73 72 72 72 72 72 72 72 72 72 72 72 72 72 72 72 72 72 71 69 66 64 61 59 58 59 59 59 59 59 59 59 59 63 63 64 66 67 68 69 70 73 74 75 76 78 79 80 80 80 81 82 83 85 86 87 87 91 91 92 96 101 108 114 118 156
36 37 38 39 40 42 43 43 43 43 42 40 39 38 37 36 37 38 38 39 40 41 42 42 43 43 43 43 43 43 43 43 47 48 50 52 55 58 60 61 59 58 57 56 55 53 52 52 51 51 51 50 50 50 49 49 50 50 51 52 54 55 56 57 60 61 63 66 68 71 73 74 75 75 75 75 75 75 75 75 72 72 72 72 72 72 72 72 72 72 72 72 72 72 72 72 72 71 69 66 64 61 59 58 61 61 61 61 61 61 61 61 64 65 66 67 68 70 71 71 75 75 76 78 79 80 81 82 82 82 83 85 86 87 88 89 92 92 94 97 103 109 116 120 159
38 38 39 41 42 43 44 45 45 44 43 42 41 39 38 38 37 37 39 40 42 44 45 46 45 45 45 45 45 45 45 45 48 49 51 54 57 59 61 62 57 57 56 54 53 52 51 50 51 51 51 52 52 52 53 53 52 53 54 55 57 58 59 59 63 64 66 69 71 74 76 77 76 76 76 76 76 76 76 76 72 72 72 72 72 72 72 72 72 72 72 72 72 72 72 72 72 71 69 66 64 61 59 58 62 62 62 62 62 62 62 62 66 66 67 69 70 71 72 73 76 77 78 79 80 82 83 83 83 84 85 86 87 89 90 90 93 94 95 99 104 111 117 121 161
39 40 41 42 43 45 46 46 46 46 45 43 42 41 40 39 36 37 39 41 44 46 48 49 46 46 46 46 46 46 46 46 50 51 53 55 58 60 62 63 56 55 54 53 52 50 49 49 50 51 51 52 54 55 55 56 55 56 57 58 59 61 62 62 66 67 69 71 74 77 79 80 78 78 78 78 78 78 78 78 72 72 72 72 72 72 72 72 72 72 72 72 72 72 72 72 72 71 69 66 64 61 59 58 64 64 64 64 64 64 64 64 67 68 69 70 71 73 74 74 78 78 79 80 82 83 84 85 85 85 86 87 89 90 91 92 95 95 96 100 105 112 119 122 160
40 41 42 43 44 46 47 47 47 47 46 44 43 42 41 40 36 37 39 42 45 48 50 51 47 47 47 47 47 47 47 47 51 52 54 56 59 62 63 65 55 54 53 52 51 49 48 48 50 50 52 53 55 57 58 58 57 58 59 60 61 63 64 64 68 69 71 73 76 79 81 82 79 79 79 79 79 79 79 79 72 72 72 72 72 72 72 72 72 72 72 72 72 72 72 72 72 71 69 66 64 61 59 58 65 65 65 65 65 65 65 65 68 69 70 71 72 74 75 75 79 79 80 81 83 84 85 86 86 86 87 88 90 91 92 93 96 96 98 101 106 113 120 123 157
41 41 42 43 45 46 47 48 48 47 46 45 43 42 41 41 36 37 39 42 46 49 51 53 48 48 48 48 48 48 48 48 51 52 54 57 60 62 64 65 54 54 53 52 50 49 48 47 50 50 52 54 56 58 59 60 58 59 60 61 62 64 65 65 69 70 72 74 77 80 82 83 79 79 79 79 79 79 79 79 72 72 72 72 72 72 72 72 72 72 72 72 72 72 72 72 72 71 69 66 64 61 59 58 65 65 65 65 65 65 65 65 69 69 70 71 73 74 75 76 79 80 81 82 83 85 86 86 86 87 88 89 90 92 93 93 96 97 98 101 107 114 120 124 156
44 44 44 44 44 44 44 44 45 43 41 40 41 44 47 49 41 44 50 55 59 61 61 61 56 56 56 55 54 54 53 53 45 48 53 59 63 65 65 65 65 62 59 56 55 55 56 58 51 51 52 53 55 56 57 58 61 62 63 64 65 67 68 68 69 71 75 78 79 79 77 76 79 79 79 79 79 79 79 79 79 79 78 77 75 74 73 72 75 75 75 75 75 75 75 75 68 68 67 65 64 63 62 61 65 65 66 68 69 70 71 72 72 72 73 75 76 77 78 79 77 79 81 84 88 91 93 94 91 93 95 96 95 93 90 88 93 91 92 101 114 123 124 122 163
44 44 44 44 44 44 44 44 45 44 42 41 42 45 48 50 44 47 52 57 60 62 62 61 54 54 54 54 53 53 53 53 49 52 56 60 63 64 63 62 64 62 58 55 54 54 56 57 52 53 54 55 56 58 59 59 62 63 64 65 67 68 69 69 69 72 75 78 80 79 78 76 79 79 79 79 79 79 79 79 78 77 76 75 74 73 72 71 76 76 76 76 76 76 76 76 70 69 68 67 66 64 63 63 66 66 67 69 70 71 72 73 73 73 74 76 77 78 79 80 79 80 82 85 88 91 93 94 92 93 95 97 97 95 92 90 95 92 92 100 111 118 118 115 152
45 45 45 45 45 45 45 45 46 45 43 43 45 48 52 54 50 53 57 61 63 63 62 62 52 52 52 52 52 53 53 53 57 59 62 64 64 62 60 59 64 61 58 55 53 54 55 57 55 56 57 58 60 61 62 62 64 65 66 67 69 70 71 71 71 73 76 79 81 80 79 77 80 80 80 80 80 80 80 80 77 76 75 74 72 71 70 70 78 78 78 78 78 78 78 78 73 72 71 70 69 67 66 66 68 68 69 71 72 73 74 75 75 75 76 78 79 80 81 82 81 82 84 86 89 91 93 94 92 94 97 99 99 97 95 94 99 95 93 98 106 111 109 105 127
47 47 47 47 47 47 47 47 47 46 45 45 48 52 56 58 58 60 63 65 66 65 63 62 50 50 51 52 53 54 55 55 65 66 67 67 66 62 59 56 65 63 59 57 55 56 57 58 59 60 61 62 64 65 66 66 67 68 69 70 71 73 74 74 72 74 78 81 82 81 80 79 82 82 82 82 82 82 82 82 77 76 75 74 73 72 71 70 81 81 81 81 81 81 81 81 77 76 75 74 73 71 70 70 71 71 72 73 75 76 77 78 78 78 79 80 82 83 84 85 84 85 86 88 90 91 93 93 93 95 98 101 102 101 99 98 103 98 94 97 102 104 101 96 101
48 48 48 48 48 48 48 48 47 47 47 48 51 56 60 63 66 68 70 71 70 67 64 62 51 52 53 54 56 58 59 60 70 70 71 71 68 64 60 57 70 67 64 61 59 60 61 63 64 64 65 66 68 69 70 71 70 70 71 73 74 75 76 77 73 76 79 82 83 83 81 80 83 83 83 83 83 83 83 83 80 79 78 77 76 74 73 73 84 84 84 84 84 84 84 84 81 81 80 78 77 76 75 74 73 74 75 76 78 79 80 80 80 81 82 83 85 86 87 87 88 88 89 90 91 92 92 93 94 96 100 103 105 105 104 103 107 102 97 97 101 102 97 92 94
50 50 50 50 50 50 50 50 48 48 48 50 54 59 65 68 74 75 76 75 73 69 65 63 54 55 57 59 62 64 66 67 71 72 73 73 71 67 64 61 76 74 70 67 66 66 68 69 68 68 69 70 72 73 74 75 73 73 74 75 77 78 79 80 75 77 80 83 85 84 83 82 85 85 85 85 85 85 85 85 85 84 83 82 81 79 78 78 87 87 87 87 87 87 87 87 85 85 84 82 81 80 79 78 76 77 78 79 80 82 83 83 83 84 85 86 87 89 90 90 91 91 91 91 92 92 92 92 95 98 102 106 108 109 108 108 110 105 99 100 104 104 99 93 103
51 51 51 51 51 51 51 51 49 49 50 52 56 62 68 71 80 80 80 79 75 71 66 63 58 59 61 64 67 70 72 74 70 72 74 75 74 71 68 66 82 80 77 74 72 73 74 75 71 71 72 74 75 76 77 78 75 75 76 77 79 80 81 82 76 78 81 84 86 85 84 83 86 86 86 86 86 86 86 86 90 90 89 88 86 85 84 83 89 89 89 89 89 89 89 89 88 88 87 85 84 83 82 81 78 79 80 81 82 84 85 85 85 86 87 88 89 91 92 92 93 93 93 93 92 92 92 92 95 98 103 108 111 112 112 111 112 107 102 103 107 108 104 98 104
51 51 51 51 51 51 51 51 49 49 50 53 58 64 70 73 83 83 83 81 77 71 66 63 61 62 65 68 71 74 77 78 69 71 73 75 75 74 71 70 86 84 81 78 76 77 78 79 72 73 74 75 77 78 79 79 76 76 77 79 80 81 82 83 76 78 82 85 86 86 84 83 86 86 86 86 86 86 86 86 94 93 92 91 90 88 87 87 90 90 90 90 90 90 90 90 90 89 88 87 86 84 83 83 79 80 81 82 83 85 86 86 86 87 88 89 90 92 93 93 95 95 94 93 93 92 92 92 96 99 104 109 112 113 113 113 113 108 104 105 110 112 107 102 97
53 55 58 60 61 60 58 57 57 60 66 72 77 80 81 81 75 74 73 72 70 69 68 68 79 79 79 79 79 79 79 79 75 76 77 78 79 81 82 82 82 82 82 82 82 82 82 82 79 79 80 82 83 84 85 86 82 82 82 82 82 82 82 82 86 86 87 89 90 91 92 93 89 89 89 89 89 89 89 89 88 89 92 95 98 101 104 105 97 97 97 97 97 97 97 97 93 93 93 93 93 93 93 93 89 89 89 89 89 89 89 89 86 87 88 89 90 91 92 93 93 93 94 96 97 98 99 100 104 107 111 115 118 119 119 118 117 112 108 109 111 108 99 91 102
53 55 59 61 62 62 60 59 59 63 68 74 78 81 82 82 78 78 77 75 74 73 72 71 79 79 79 79 79 79 79 79 76 77 78 79 81 82 83 83 85 85 85 85 85 85 85 85 80 80 81 83 84 85 86 87 84 84 84 84 84 84 84 84 87 87 88 90 91 92 93 94 90 90 90 90 90 90 90 90 89 90 93 95 98 101 103 105 97 97 97 97 97 97 97 97 94 94 94 94 94 94 94 94 91 91 91 91 91 91 91 91 86 87 88 89 90 91 92 93 93 94 95 96 98 99 100 100 105 107 112 116 119 120 119 118 117 112 108 108 110 109 101 94 94
54 56 60 63 65 64 63 62 64 67 72 77 81 83 83 83 84 83 82 81 79 78 77 77 80 80 80 80 80 80 80 80 78 79 80 81 83 84 85 85 89 89 89 89 89 89 89 89 82 82 83 85 86 87 88 89 87 87 87 87 87 87 87 87 89 89 90 92 93 94 95 96 92 92 92 92 92 92 92 92 92 93 94 97 99 102 103 104 97 97 97 97 97 97 97 97 97 97 97 97 97 97 97 97 93 93 93 93 93 93 93 93 86 87 88 89 90 91 92 93 94 95 96 97 99 100 101 101 106 108 113 117 120 121 120 119 119 113 107 107 110 110 104 98 84
55 57 61 65 68 68 67 67 69 72 77 82 85 86 86 85 89 88 87 86 84 83 82 82 82 82 82 82 82 82 82 82 81 82 83 84 85 87 88 88 93 93 93 93 93 93 93 93 85 85 86 87 89 90 91 92 91 91 91 91 91 91 91 91 92 92 93 94 96 97 98 99 95 95 95 95 95 95 95 95 95 95 97 98 100 102 103 104 97 97 97 97 97 97 97 97 98 98 98 98 98 98 98 98 94 94 94 94 94 94 94 94 86 87 88 89 90 91 92 93 96 96 97 99 100 101 102 103 107 110 114 118 121 122 121 121 120 113 107 106 110 111 108 103 78
56 58 63 68 71 72 72 71 76 78 83 86 89 89 89 88 91 91 90 89 87 86 85 85 83 83 83 83 83 83 83 83 84 84 85 87 88 89 90 91 94 94 94 94 94 94 94 94 87 88 89 90 92 93 94 94 95 95 95 95 95 95 95 95 94 95 96 97 99 100 101 101 98 98 98 98 98 98 98 98 98 99 99 100 101 102 103 103 97 97 97 97 97 97 97 97 96 96 96 96 96 96 96 96 93 93 93 93 93 93 93 93 86 87 88 89 90 91 92 93 97 98 99 100 101 103 104 104 108 111 116 120 123 123 123 122 122 114 106 105 109 113 112 109 82
56 60 65 70 74 76 76 76 82 84 88 91 92 92 91 90 92 91 90 89 88 86 85 85 85 85 85 85 85 85 85 85 87 87 88 89 91 92 93 94 93 93 93 93 93 93 93 93 90 91 92 93 94 96 97 97 99 99 99 99 99 99 99 99 97 98 99 100 101 103 104 104 101 101 101 101 101 101 101 101 101 102 102 102 102 102 103 103 97 97 97 97 97 97 97 97 93 93 93 93 93 93 93 93 89 89 89 89 89 89 89 89 86 87 88 89 90 91 92 93 99 99 100 101 103 104 105 106 110 112 117 121 124 125 124 124 123 115 105 104 109 115 116 114 96
57 60 66 72 76 79 79 79 86 88 91 94 95 94 93 91 90 90 89 88 86 85 84 84 86 86 86 86 86 86 86 86 89 89 90 91 93 94 95 96 91 91 91 91 91 91 91 91 92 93 94 95 96 98 99 99 102 102 102 102 102 102 102 102 99 100 101 102 103 105 106 106 103 103 103 103 103 103 103 103 104 104 104 103 103 103 102 102 97 97 97 97 97 97 97 97 88 88 88 88 88 88 88 88 85 85 85 85 85 85 85 85 86 87 88 89 90 91 92 93 100 100 101 102 104 105 106 107 111 113 118 122 125 126 125 125 125 115 105 103 109 116 118 118 113
57 61 67 73 78 80 81 81 89 91 94 96 97 96 94 92 89 89 88 86 85 84 83 82 86 86 86 86 86 86 86 86 90 90 91 93 94 95 96 97 89 89 89 89 89 89 89 89 93 94 95 96 97 99 100 100 104 104 104 104 104 104 104 104 100 101 102 103 104 106 107 107 104 104 104 104 104 104 104 104 105 105 105 104 103 103 102 102 97 97 97 97 97 97 97 97 85 85 85 85 85 85 85 85 82 82 82 82 82 82 82 82 86 87 88 89 90 91 92 93 100 101 102 103 104 106 107 107 111 114 118 123 125 126 126 125 125 115 105 102 109 116 120 120 124
61 60 63 72 84 90 88 84 93 93 93 93 93 93 93 93 92 91 91 90 89 89 88 88 83 83 83 83 83 83 83 83 86 86 86 86 86 86 86 86 79 80 81 82 84 85 86 86 83 83 84 86 87 88 89 90 97 98 100 102 105 108 110 111 107 107 107 107 107 107 107 107 111 111 111 111 111 111 111 111 107 107 106 104 103 102 101 100 93 92 91 90 89 88 87 86 86 86 86 86 86 86 86 86 87 87 87 87 87 87 87 87 79 80 81 82 84 85 86 86 88 89 92 95 98 101 104 105 118 118 117 117 119 123 127 129 124 116 107 106 111 117 118 116 120
61 60 63 73 85 91 90 85 93 93 93 93 93 93 93 93 92 91 91 90 89 88 87 86 82 82 82 82 82 82 82 82 85 85 85 85 85 85 85 85 78 78 79 81 82 83 84 85 82 82 83 84 86 87 88 89 96 97 99 102 104 107 109 110 107 107 107 107 107 107 107 107 110 110 110 110 110 110 110 110 107 106 105 104 102 101 100 100 93 92 91 90 89 88 87 86 86 86 86 86 86 86 86 86 84 84 84 84 84 84 84 84 78 78 79 80 82 83 84 85 88 90 92 95 98 100 103 104 117 117 117 118 120 124 127 129 124 115 106 105 110 116 117 115 111
60 60 63 74 86 93 92 88 94 94 94 94 94 94 94 94 92 92 90 89 87 86 85 84 80 80 80 80 80 80 80 80 82 82 82 82 82 82 82 82 75 75 76 77 79 80 81 82 80 80 81 82 84 85 86 87 95 96 98 101 103 106 108 109 106 106 106 106 106 106 106 106 109 109 109 109 109 109 109 109 106 105 104 103 101 100 99 99 93 92 91 90 89 88 87 86 86 86 86 86 86 86 86 86 81 81 81 81 81 81 81 81 75 76 77 78 79 81 82 82 89 90 91 94 96 99 100 101 114 115 117 119 122 125 128 129 123 114 105 104 109 115 116 114 99
60 59 63 75 88 96 95 91 96 96 96 96 96 96 96 96 93 92 90 88 86 83 82 81 77 77 77 77 77 77 77 77 78 78 78 78 78 78 78 78 71 71 72 73 75 76 77 78 77 77 78 80 81 82 83 84 94 95 97 99 102 105 107 108 104 104 104 104 104 104 104 104 108 108 108 108 108 108 108 108 104 104 103 101 100 99 98 97 93 92 91 90 89 88 87 86 86 86 86 86 86 86 86 86 78 78 78 78 78 78 78 78 74 75 76 77 78 80 81 81 89 90 91 93 95 96 98 98 110 112 116 121 125 127 128 129 121 113 104 103 108 114 115 113 89
59 59 64 76 90 98 98 94 97 97 97 97 97 97 97 97 93 92 90 87 84 81 79 77 74 74 74 74 74 74 74 74 73 73 73 73 73 73 73 73 66 67 68 69 71 72 73 73 74 75 76 77 78 80 81 81 92 93 95 98 101 103 105 106 103 103 103 103 103 103 103 103 106 106 106 106 106 106 106 106 103 102 101 100 99 97 96 96 93 92 91 90 89 88 87 86 86 86 86 86 86 86 86 86 78 78 78 78 78 78 78 78 76 76 77 78 80 81 82 83 90 90 91 92 93 94 94 95 106 110 116 123 127 129 129 128 120 111 102 101 107 112 113 112 86
59 59 64 77 91 101 101 98 99 99 99 99 99 99 99 99 94 92 89 86 82 78 76 74 71 71 71 71 71 71 71 71 69 69 69 69 69 69 69 69 62 63 64 65 67 68 69 69 71 72 73 74 76 77 78 78 91 92 94 97 99 102 104 105 101 101 101 101 101 101 101 101 105 105 105 105 105 105 105 105 101 101 100 99 97 96 95 94 93 92 91 90 89 88 87 86 86 86 86 86 86 86 86 86 81 81 81 81 81 81 81 81 79 80 81 82 84 85 86 86 90 90 91 91 91 91 91 92 102 107 116 125 130 131 130 128 118 110 101 100 105 111 112 110 91
58 59 64 77 93 102 103 100 100 100 100 100 100 100 100 100 94 92 89 85 81 77 73 72 69 69 69 69 69 69 69 69 66 66 66 66 66 66 66 66 59 60 61 62 63 65 66 66 69 70 71 72 74 75 76 76 90 91 93 96 98 101 103 104 100 100 100 100 100 100 100 100 104 104 104 104 104 104 104 104 100 100 99 98 96 95 94 93 93 92 91 90 89 88 87 86 86 86 86 86 86 86 86 86 84 84 84 84 84 84 84 84 84 84 85 87 88 89 90 91 91 91 90 90 90 89 89 89 99 105 116 126 132 133 130 128 117 109 100 99 104 110 111 109 99
58 59 64 78 93 103 104 101 100 100 100 100 100 100 100 100 94 93 89 85 80 76 72 70 68 68 68 68 68 68 68 68 65 65 65 65 65 65 65 65 58 58 59 60 62 63 64 65 68 69 70 71 72 74 75 75 89 90 92 95 98 100 102 103 100 100 100 100 100 100 100 100 103 103 103 103 103 103 103 103 100 99 98 97 96 94 93 93 93 92 91 90 89 88 87 86 86 86 86 86 86 86 86 86 87 87 87 87 87 87 87 87 87 87 88 90 91 92 93 94 91 91 90 90 89 88 88 88 97 104 116 127 133 133 131 128 117 108 100 98 104 109 110 109 105
62 61 64 75 90 101 104 103 96 97 99 100 99 97 94 92 90 88 85 82 77 74 71 69 78 78 76 75 73 71 70 69 64 67 72 76 76 72 67 63 59 60 61 63 65 67 68 69 63 64 67 70 73 77 79 80 75 78 82 87 91 92 92 92 106 102 97 94 94 97 102 106 102 102 101 101 100 99 99 99 102 100 96 94 93 94 97 98 93 93 93 91 87 82 77 74 81 81 81 82 82 82 83 83 77 79 83 86 87 87 86 85 93 96 99 102 100 96 90 86 86 89 92 95 96 96 95 93 96 102 110 117 122 123 122 121 107 102 97 100 108 115 115 113 109
62 61 63 75 90 101 104 102 96 97 99 100 99 96 93 91 78 77 75 73 70 68 66 65 78 79 81 83 86 88 90 91 87 90 95 97 96 90 83 79 68 69 70 72 73 75 76 77 64 65 66 68 70 72 74 75 76 78 82 86 89 91 91 91 99 98 96 94 94 96 98 99 100 100 99 99 99 99 98 98 99 98 97 96 95 94 94 94 91 92 92 92 90 88 85 83 88 87 86 85 84 82 81 81 77 81 88 95 101 105 107 108 103 105 108 110 109 104 100 96 93 94 96 97 96 93 90 88 94 99 107 115 121 124 124 124 107 101 97 100 108 114 115 112 96
61 60 62 73 89 100 103 101 96 97 99 99 97 94 90 88 72 72 72 72 71 71 71 71 80 83 87 93 100 106 110 113 106 110 114 115 112 103 93 87 79 80 81 82 83 84 85 85 69 69 69 70 70 71 71 71 78 79 81 84 86 88 90 91 92 93 96 97 97 96 93 92 97 97 97 98 98 98 98 98 95 96 97 97 96 92 89 87 91 90 90 90 90 89 88 88 93 92 91 89 87 85 83 83 89 93 98 105 109 112 113 113 115 116 118 119 117 114 110 108 103 103 102 100 95 89 84 80 90 95 103 112 120 125 128 129 106 100 96 98 107 113 114 111 90
60 58 61 72 87 98 101 100 97 98 98 98 95 92 87 85 75 76 77 79 80 82 83 84 86 88 93 99 105 111 116 118 110 114 119 120 114 103 90 81 86 86 86 87 87 87 88 88 79 79 78 78 77 76 76 75 81 80 80 81 82 85 88 89 90 94 99 102 102 99 94 90 95 96 97 97 98 99 100 100 93 94 96 96 94 89 84 81 91 89 86 83 81 80 80 80 89 89 89 90 90 91 91 91 107 109 111 111 110 108 104 102 120 120 120 119 118 116 114 113 110 109 107 102 95 87 80 76 88 92 99 108 117 124 130 133 104 99 94 97 105 112 112 110 92
58 57 60 71 86 97 100 98 97 98 98 97 94 89 84 81 73 74 76 78 81 83 85 86 92 93 96 99 102 105 107 108 113 118 124 125 118 105 89 79 87 87 87 87 86 86 85 85 90 89 89 88 87 87 86 86 83 81 79 77 78 81 86 88 92 96 101 104 104 101 96 92 96 97 98 100 102 103 105 105 94 94 93 92 88 84 81 78 90 86 79 73 68 66 66 67 81 82 85 88 92 95 98 99 113 115 117 119 118 117 114 112 117 116 114 112 111 110 110 110 112 111 108 104 97 89 81 77 88 91 97 104 113 122 129 133 103 97 93 96 104 110 111 109 87
57 55 58 69 85 96 98 97 98 98 98 96 92 87 81 78 66 67 69 70 73 74 76 77 94 95 95 96 97 97 98 98 117 124 132 135 129 114 98 86 89 88 88 87 85 84 84 83 94 94 94 95 95 96 96 96 86 82 78 74 74 78 84 87 92 94 96 97 97 96 94 92 100 101 102 105 107 110 111 112 99 95 89 84 80 78 79 79 85 79 72 64 60 60 63 65 78 80 82 86 90 93 96 97 100 105 112 120 128 132 135 136 113 110 107 104 102 103 104 106 107 107 106 104 99 93 88 84 92 93 96 101 109 118 126 131 102 96 91 94 103 109 109 107 78
56 54 57 68 83 95 97 96 98 98 97 95 91 85 79 76 69 70 70 71 72 73 73 74 92 92 93 94 96 97 98 98 115 122 133 138 133 118 101 90 94 93 92 90 88 87 86 85 90 91 93 95 97 99 100 101 88 83 77 72 71 76 82 86 88 87 85 84 84 85 87 88 104 105 107 110 113 116 118 119 105 97 85 75 71 73 78 82 75 71 65 61 61 67 73 78 85 85 85 84 84 84 84 84 83 88 97 108 117 124 128 130 111 108 103 99 97 99 102 104 99 101 102 103 102 99 96 94 97 97 97 100 106 114 122 127 101 95 90 93 102 108 108 106 78
55 54 57 68 83 94 97 96 98 98 97 95 90 84 78 74 80 80 80 80 79 79 79 79 88 89 91 94 97 100 102 104 106 115 126 133 129 115 97 86 98 97 96 94 92 90 89 88 85 86 88 92 95 98 101 102 89 84 76 71 70 74 81 86 84 80 75 72 72 75 80 84 106 108 110 113 117 120 122 123 109 98 83 70 65 69 78 85 67 64 61 61 66 75 86 93 93 91 88 84 80 75 72 71 74 78 84 91 97 100 101 102 112 108 102 98 96 98 102 105 94 96 99 102 104 103 102 101 100 99 98 99 104 111 119 125 100 94 90 93 101 107 108 106 87
56 58 62 68 77 87 96 101 105 103 98 93 86 81 76 74 69 71 75 78 79 79 77 76 83 83 83 85 89 95 100 103 124 122 117 112 106 101 97 95 80 83 87 86 83 82 86 89 80 81 83 85 88 91 93 94 99 95 89 82 77 74 72 72 67 61 54 49 49 54 61 67 82 82 82 82 82 82 82 82 94 85 70 57 50 50 55 59 76 69 66 76 92 104 104 100 93 90 85 79 75 73 72 72 72 73 75 79 82 85 87 89 88 94 101 100 95 91 92 95 91 95 102 108 111 110 107 105 104 105 103 97 93 97 109 120 100 93 87 90 99 108 112 112 89
54 56 60 67 76 87 96 101 104 102 98 92 87 81 77 75 67 70 74 77 80 80 79 78 84 83 83 83 86 90 94 97 99 98 95 92 89 86 83 82 68 71 72 72 69 69 71 73 76 77 79 82 85 87 89 90 94 93 90 85 81 76 72 70 58 56 53 52 55 60 66 70 83 83 83 83 83 83 83 83 90 83 72 61 54 52 53 55 72 72 79 93 107 109 99 88 87 85 81 77 73 71 71 70 70 71 73 76 79 82 84 85 79 87 93 94 89 86 88 92 90 94 101 107 110 109 106 104 103 106 106 102 97 98 106 114 101 94 87 89 98 107 110 110 95
51 53 57 65 75 86 95 100 103 101 97 92 87 82 78 76 64 67 72 77 80 82 81 81 85 83 81 79 80 81 84 86 81 80 79 77 76 74 73 72 63 63 62 62 62 61 61 61 71 72 74 77 79 82 84 85 86 88 90 90 86 80 72 68 47 49 52 57 63 69 74 76 84 84 84 84 84 84 84 84 83 80 75 68 61 55 51 48 69 77 92 109 117 109 91 75 78 77 75 73 71 69 68 67 58 59 60 63 65 68 69 70 68 75 83 84 81 79 82 86 88 92 99 105 108 107 104 102 100 106 112 110 104 100 102 105 103 95 88 89 97 104 107 106 100
46 48 54 62 72 84 94 100 101 99 96 92 87 83 80 78 63 66 71 77 80 82 82 82 83 80 77 74 72 72 73 74 81 80 78 76 73 71 69 68 65 62 59 61 64 65 63 59 66 67 69 71 74 77 79 80 79 83 89 92 90 83 74 68 40 45 53 62 71 77 80 81 85 85 85 85 85 85 85 85 77 78 77 73 66 57 48 43 72 81 95 106 108 98 82 70 71 71 72 71 70 67 64 63 45 45 47 48 50 52 53 54 59 67 75 77 74 72 75 80 85 90 96 102 105 104 101 99 97 106 116 117 111 103 100 100 105 97 89 88 94 101 102 101 98
41 44 50 58 70 82 93 99 99 97 95 91 88 84 82 80 65 68 72 77 80 81 81 80 78 75 71 67 64 64 64 65 80 78 75 71 67 63 60 59 61 55 51 55 64 68 64 58 63 64 66 69 71 74 76 77 75 80 87 92 91 85 78 72 43 48 56 65 74 79 83 84 87 87 87 87 87 87 87 87 75 77 78 76 69 58 47 41 79 84 89 90 87 81 77 75 69 71 72 73 70 65 60 57 47 48 48 49 50 51 52 52 58 66 73 74 70 68 71 75 82 87 94 100 102 101 99 96 94 105 117 121 115 107 102 101 108 99 90 88 92 97 97 96 90
37 40 46 55 68 80 92 98 97 96 94 91 88 85 83 82 70 72 75 78 79 78 77 75 70 67 63 60 58 58 59 60 63 62 60 58 55 52 50 49 51 43 38 46 61 69 64 56 63 64 66 68 71 74 76 77 75 78 83 87 88 86 82 79 55 57 61 66 72 77 82 84 88 88 88 88 88 88 88 88 77 77 77 74 67 58 48 42 84 86 85 79 72 71 76 83 73 75 77 77 72 65 56 51 60 60 60 60 60 61 61 61 65 72 78 77 72 67 69 72 80 84 91 97 100 99 96 93 92 103 115 120 116 110 108 109 110 101 90 87 90 94 93 90 83
33 36 43 53 66 79 91 97 96 95 93 91 88 86 84 83 76 77 78 79 78 75 72 70 62 60 57 54 53 54 56 57 43 44 46 48 50 52 54 55 51 41 36 48 68 80 76 66 64 65 67 70 72 75 77 78 77 78 80 82 84 86 87 87 71 68 66 65 67 72 79 83 89 89 89 89 89 89 89 89 80 79 76 71 64 56 49 45 82 87 89 83 74 72 79 88 80 82 83 82 75 64 53 46 61 61 61 61 60 60 60 60 76 81 86 83 75 69 69 71 77 82 89 95 98 97 94 91 91 100 112 116 115 113 115 119 112 102 91 86 89 91 90 87 81
31 35 41 52 65 79 90 97 95 94 93 91 88 86 85 84 79 80 81 80 77 73 69 66 57 55 52 51 51 53 55 57 33 36 41 47 54 61 66 69 59 48 44 58 82 96 91 81 65 66 68 71 74 76 78 79 79 78 77 78 81 85 89 92 81 76 69 63 63 69 76 81 90 90 90 90 90 90 90 90 83 80 75 68 61 55 50 48 79 88 96 93 83 78 82 90 84 86 88 85 77 64 51 43 53 52 52 51 51 50 50 49 83 88 92 88 78 70 69 71 76 81 88 94 96 96 93 90 90 99 109 113 113 115 120 126 113 103 91 86 88 90 88 85 82
38 36 34 37 48 65 83 94 92 89 85 82 83 86 91 95 70 73 75 76 73 68 61 56 61 61 60 58 57 56 55 54 46 42 38 41 47 50 46 42 56 46 44 62 91 113 115 109 81 76 70 66 68 74 82 88 81 80 79 80 83 90 96 100 70 60 53 57 70 79 78 73 79 80 81 82 83 84 85 86 87 85 77 65 54 52 59 67 90 92 91 84 75 72 76 81 93 97 100 98 90 75 59 49 50 48 47 46 48 51 54 56 84 90 97 100 96 85 73 64 70 71 74 77 80 84 86 87 99 102 106 107 105 100 94 89 95 92 87 84 84 88 93 96 83
39 36 34 38 49 66 83 94 84 79 73 68 69 74 81 86 69 71 73 73 70 65 59 55 56 57 57 58 59 60 61 61 53 45 38 38 43 47 45 42 52 45 46 64 91 109 109 101 76 72 66 63 64 70 78 83 79 80 81 83 84 84 83 83 85 71 55 51 60 71 76 76 79 80 81 82 83 84 85 86 86 85 78 67 56 53 59 67 85 87 86 79 71 68 72 77 89 93 97 97 90 77 63 54 50 48 47 46 48 51 54 57 87 90 94 95 92 84 76 70 72 73 75 78 81 84 86 88 92 96 100 103 101 96 89 84 87 85 82 81 83 89 96 100 84
40 37 35 39 50 67 84 95 76 69 60 53 52 59 68 75 67 68 69 68 65 61 56 53 50 51 54 59 63 67 70 72 63 52 39 35 38 43 44 43 48 45 50 68 90 102 98 89 72 69 65 62 64 69 75 79 80 81 83 84 82 79 75 72 103 86 65 54 56 65 74 78 79 80 81 82 83 84 85 86 86 85 80 69 58 55 60 66 80 82 82 76 68 65 70 75 84 88 92 94 90 80 70 63 54 52 51 50 52 55 58 61 91 91 90 88 86 83 81 80 76 77 78 81 83 85 87 88 86 90 96 100 99 93 85 80 81 79 77 77 80 87 95 100 81
41 39 37 40 51 68 86 97 76 68 56 48 47 53 63 71 67 66 65 63 61 57 55 53 46 49 54 60 67 73 78 81 72 59 43 35 37 43 46 47 47 48 56 72 88 94 87 78 73 71 69 68 69 73 77 80 87 85 82 79 79 81 84 86 110 99 83 71 66 68 72 75 79 80 81 82 83 84 85 86 85 86 82 73 62 57 60 66 80 82 83 77 70 68 73 79 79 83 88 90 89 83 76 72 63 62 61 60 61 64 68 70 93 90 85 82 81 83 86 89 80 81 82 84 85 87 88 89 85 91 100 106 105 99 90 83 85 82 78 76 77 81 87 90 73
43 40 38 41 52 70 87 98 82 75 65 57 55 59 67 73 69 67 64 61 58 57 56 55 49 52 57 63 70 76 81 84 78 65 48 40 42 48 52 52 52 56 64 76 85 86 80 73 77 76 76 76 78 80 82 84 96 89 79 74 77 88 101 111 104 103 99 92 83 75 71 70 79 80 81 82 83 84 85 86 84 86 85 76 65 59 61 65 83 86 87 82 75 74 80 86 77 80 84 87 87 85 81 78 74 73 71 71 72 75 79 81 91 87 82 78 79 84 91 95 85 85 86 87 88 89 90 90 90 98 109 117 117 110 100 92 97 92 85 78 74 74 76 78 63
44 41 39 43 54 71 88 100 88 84 78 73 70 71 74 76 73 71 66 61 59 58 59 60 58 60 63 67 71 76 79 80 79 68 56 51 54 59 61 60 63 67 73 78 81 80 77 74 78 79 80 82 83 84 85 85 96 89 80 76 80 93 107 117 89 96 100 97 86 75 70 69 79 80 81 82 83 84 85 86 84 87 87 80 69 61 61 64 83 86 87 83 78 77 83 90 79 81 83 85 85 84 82 81 79 78 76 76 77 80 83 86 86 83 80 79 81 87 93 97 90 90 90 90 90 90 91 91 94 104 117 127 128 120 109 100 107 101 91 82 75 73 73 74 60
45 42 41 44 55 72 89 101 91 91 90 87 84 81 77 75 78 75 69 63 60 61 63 65 69 69 70 71 72 73 73 74 77 70 63 63 68 71 70 67 75 77 79 79 77 75 77 79 74 76 78 81 82 82 82 81 87 87 86 87 89 92 95 97 76 83 87 82 71 66 69 74 79 80 81 82 83 84 85 86 83 87 89 82 71 63 62 63 78 81 83 80 74 74 81 88 82 83 83 84 83 83 82 81 76 75 73 73 74 77 81 83 80 80 80 82 85 90 94 97 93 93 93 92 92 92 91 91 94 105 120 131 133 125 112 103 107 102 93 84 79 78 79 80 64
46 43 41 44 55 73 90 101 91 93 95 95 92 85 78 73 82 77 71 65 62 63 66 68 76 75 74 73 72 70 69 69 75 71 67 70 76 79 76 71 83 84 83 79 74 73 78 83 69 71 75 78 79 79 77 76 78 84 92 97 96 89 79 73 70 73 73 65 55 55 68 80 79 80 81 82 83 84 85 86 83 87 90 84 73 64 62 63 73 76 78 75 70 70 77 84 84 84 84 83 82 81 81 80 71 70 69 68 70 73 76 78 76 77 80 84 88 92 94 96 95 95 94 94 93 92 92 92 92 103 119 131 133 125 112 102 103 99 92 86 83 83 86 89 69
53 52 51 55 64 78 92 101 98 98 97 95 90 84 78 74 85 84 83 83 82 81 81 81 79 78 77 76 75 73 72 72 71 71 71 71 71 71 71 71 75 75 75 75 75 75 75 75 75 76 77 78 80 81 82 82 89 90 92 93 92 90 87 85 58 59 61 63 66 69 71 72 79 80 81 82 83 84 85 86 84 84 83 81 76 70 64 60 63 70 79 86 89 86 81 77 82 82 82 82 82 82 82 82 82 82 82 82 82 82 82 82 82 83 84 85 87 88 89 89 93 94 95 96 97 98 99 100 112 97 100 128 147 140 123 115 120 101 91 94 92 84 87 100 75
56 54 52 55 63 78 92 101 98 98 97 95 91 85 79 76 79 80 83 85 85 84 83 81 79 79 78 77 75 74 73 72 74 74 74 74 74 74 74 74 76 76 76 76 76 76 76 76 76 76 77 79 80 81 82 83 88 90 91 92 91 88 85 83 58 60 61 64 67 69 71 72 79 80 81 82 83 84 85 86 84 84 83 81 77 71 65 62 64 70 78 85 88 86 82 78 83 83 83 83 83 83 83 83 83 83 83 83 83 83 83 83 83 83 84 86 87 88 89 90 93 94 95 96 97 98 99 100 106 102 117 146 155 137 117 110 124 104 91 95 94 86 88 100 77
62 58 54 55 62 76 91 101 98 98 98 96 92 87 81 78 71 75 82 87 89 88 85 82 80 80 79 78 76 75 74 73 79 79 79 79 79 79 79 79 77 77 77 77 77 77 77 77 77 77 78 80 81 82 83 84 88 89 90 90 89 86 82 80 60 61 63 65 68 70 72 73 79 80 81 82 83 84 85 86 84 84 84 82 78 73 67 64 66 71 78 84 87 85 82 80 84 84 84 84 84 84 84 84 84 84 84 84 84 84 84 84 84 84 85 87 88 89 90 91 93 94 95 96 97 98 99 100 103 113 139 163 158 130 111 110 130 107 93 97 98 91 91 100 81
69 63 57 55 61 75 90 101 97 98 98 97 94 89 84 81 67 72 81 88 91 90 87 84 82 81 80 79 78 76 75 75 82 82 82 82 82 82 82 82 78 78 78 78 78 78 78 78 78 79 80 81 82 84 85 85 87 88 89 88 86 82 78 75 61 62 64 66 69 72 74 75 79 80 81 82 83 84 85 86 83 84 84 83 80 75 70 67 68 71 77 82 84 85 83 82 85 85 85 85 85 85 85 85 85 85 85 85 85 85 85 85 85 86 87 88 89 91 92 92 93 94 95 96 97 98 99 100 111 124 148 163 146 117 111 124 139 112 95 99 103 97 94 99 87
77 69 59 55 59 73 89 100 97 98 98 98 95 92 87 85 69 73 80 86 89 89 88 86 83 83 82 80 79 78 77 76 84 84 84 84 84 84 84 84 80 80 80 80 80 80 80 80 80 80 81 83 84 85 86 87 86 87 87 86 82 78 73 70 62 63 65 68 71 73 75 76 79 80 81 82 83 84 85 86 83 84 84 84 81 78 73 71 70 72 76 79 82 84 84 84 87 87 87 87 87 87 87 87 87 87 87 87 87 87 87 87 87 87 88 90 91 92 93 94 93 94 95 96 97 98 99 100 122 128 140 142 123 104 117 145 148 118 97 102 109 103 97 99 92
84 75 62 55 58 71 88 100 96 97 99 99 97 94 90 88 78 78 79 81 83 85 88 89 85 84 83 82 80 79 78 78 83 83 83 83 83 83 83 83 81 81 81 81 81 81 81 81 81 82 83 84 85 87 88 88 85 85 85 83 79 74 69 66 64 65 67 69 72 74 76 77 79 80 81 82 83 84 85 86 82 83 85 85 83 80 76 74 72 73 75 77 80 83 85 86 88 88 88 88 88 88 88 88 88 88 88 88 88 88 88 88 88 89 90 91 92 94 95 95 93 94 95 96 97 98 99 100 125 120 119 116 103 98 124 159 156 123 99 105 115 109 100 98 98
89 79 64 55 57 70 88 100 96 97 99 100 99 96 93 91 88 84 79 75 75 80 87 91 86 85 84 83 81 80 79 79 80 80 80 80 80 80 80 80 82 82 82 82 82 82 82 82 82 83 84 85 86 88 89 89 85 85 84 81 77 71 66 62 65 66 68 70 73 76 77 79 79 80 81 82 83 84 85 86 82 83 85 86 85 82 79 77 74 74 74 76 79 82 86 88 89 89 89 89 89 89 89 89 89 89 89 89 89 89 89 89 89 90 91 92 93 95 96 96 93 94 95 96 97 98 99 100 115 103 97 98 95 99 126 159 163 127 101 107 119 114 102 98 102
92 81 65 55 56 69 87 100 96 97 99 100 99 97 94 92 96 89 79 71 71 77 86 92 86 86 85 83 82 81 80 79 79 79 79 79 79 79 79 79 83 83 83 83 83 83 83 83 83 83 84 85 87 88 89 90 84 84 83 81 76 70 64 60 65 66 68 71 74 76 78 79 79 80 81 82 83 84 85 86 82 83 85 86 85 83 80 78 75 74 74 75 78 82 86 89 90 90 90 90 90 90 90 90 90 90 90 90 90 90 90 90 90 90 91 92 94 95 96 97 93 94 95 96 97 98 99 100 104 89 83 90 95 102 126 154 166 129 102 108 121 116 104 98 104
90 82 71 64 65 75 88 97 97 97 97 97 97 97 97 97 90 88 85 81 76 71 68 66 90 89 87 85 82 80 78 77 80 81 83 85 87 90 91 92 74 77 80 84 86 86 85 84 87 88 90 90 89 86 83 80 74 73 71 69 67 65 64 63 72 73 74 75 76 77 78 79 76 78 82 85 86 86 84 83 83 83 83 83 83 83 83 83 83 83 83 83 83 83 83 83 83 83 84 86 87 88 89 90 86 86 86 86 86 86 86 86 94 94 94 94 94 94 94 94 98 98 97 97 97 97 97 96 88 93 99 103 107 117 132 145 171 152 129 117 116 118 114 108 107
90 83 72 65 67 76 88 97 97 97 97 97 97 97 97 97 93 91 88 84 79 75 72 70 76 76 77 79 80 81 82 83 87 86 86 85 85 84 84 84 77 79 83 86 88 88 86 85 91 92 93 92 90 86 82 80 71 71 70 69 68 68 67 67 72 73 74 75 76 77 78 79 76 79 82 85 87 86 85 83 83 83 83 83 83 83 83 83 83 83 83 83 83 83 83 83 81 82 83 84 85 87 88 88 90 90 90 90 90 90 90 90 89 89 89 89 89 89 89 89 99 98 97 96 94 92 91 90 92 97 101 103 106 115 129 141 169 152 130 118 116 117 113 109 108
90 84 75 69 71 79 90 97 97 97 97 97 97 97 97 97 97 95 93 89 85 82 79 77 61 63 67 71 76 80 84 86 90 89 87 85 82 79 77 76 80 83 86 89 90 89 87 86 93 93 93 92 88 84 79 76 68 68 69 70 70 71 72 72 72 73 74 75 76 77 78 79 78 80 83 86 88 87 86 84 83 83 83 83 83 83 83 83 83 83 83 83 83 83 83 83 79 79 80 82 83 84 85 86 92 92 92 92 92 92 92 92 90 90 90 90 90 90 90 90 96 95 94 92 90 89 88 87 98 102 105 104 105 111 124 135 165 151 133 121 117 115 112 109 108
91 86 78 74 75 82 92 98 97 97 97 97 97 97 97 97 100 99 97 94 91 88 85 84 60 61 64 68 72 76 79 80 85 84 83 81 80 78 77 76 83 85 88 90 90 89 87 85 88 89 88 86 83 77 72 69 66 67 68 70 72 74 76 76 72 73 74 75 76 77 78 79 79 81 85 88 89 88 87 86 83 83 83 83 83 83 83 83 83 83 83 83 83 83 83 83 78 78 79 80 82 83 84 85 89 89 89 89 89 89 89 89 94 94 94 94 94 94 94 94 85 86 87 88 90 91 92 93 103 106 107 105 104 109 120 130 161 151 137 125 117 113 111 109 106
92 88 82 79 80 86 94 99 97 97 97 97 97 97 97 97 101 100 98 96 94 92 90 89 71 71 71 72 72 72 72 72 73 74 75 77 78 80 81 82 84 85 88 89 89 86 84 82 80 81 81 80 77 72 68 65 68 68 70 72 74 76 77 78 72 73 74 75 76 77 78 79 80 83 86 89 90 90 88 87 83 83 83 83 83 83 83 83 83 83 83 83 83 83 83 83 79 80 81 82 83 85 86 86 83 83 83 83 83 83 83 83 86 86 86 86 86 86 86 86 75 77 81 86 92 97 101 103 105 107 109 106 103 108 118 128 156 151 141 129 118 111 109 110 102
92 90 86 84 85 90 95 99 97 97 97 97 97 97 97 97 99 99 98 96 95 93 92 91 86 84 82 79 76 73 71 70 68 69 71 73 76 79 81 82 82 83 85 86 84 82 78 76 74 76 77 78 77 74 71 69 72 72 73 74 74 75 76 76 72 73 74 75 76 77 78 79 82 84 87 90 92 91 90 89 83 83 83 83 83 83 83 83 83 83 83 83 83 83 83 83 83 83 84 86 87 88 89 90 80 80 80 80 80 80 80 80 74 74 74 74 74 74 74 74 76 78 82 88 94 100 105 107 103 106 108 106 104 108 119 129 151 151 145 133 118 109 108 110 96
93 91 89 87 89 92 97 100 97 97 97 97 97 97 97 97 97 96 95 94 93 92 92 91 93 92 90 87 84 81 79 78 71 72 72 73 73 74 74 74 79 80 81 82 80 77 73 70 74 76 80 83 84 83 82 80 77 77 76 76 75 74 73 73 72 73 74 75 76 77 78 79 83 85 88 91 93 92 91 90 83 83 83 83 83 83 83 83 83 83 83 83 83 83 83 83 87 88 89 90 91 93 94 94 82 82 82 82 82 82 82 82 75 75 75 75 75 75 75 75 88 89 91 93 96 99 101 102 101 104 106 105 104 110 122 132 147 150 148 136 118 107 106 111 89
93 92 90 89 91 94 98 100 97 97 97 97 97 97 97 97 95 94 94 93 92 92 91 91 95 94 93 92 90 88 87 87 78 77 75 73 71 68 67 66 77 78 79 79 77 73 69 67 77 80 84 88 91 92 91 90 81 80 79 77 75 73 71 70 72 73 74 75 76 77 78 79 83 85 89 92 93 93 91 90 83 83 83 83 83 83 83 83 83 83 83 83 83 83 83 83 90 91 92 93 94 96 97 97 86 86 86 86 86 86 86 86 86 86 86 86 86 86 86 86 100 99 99 98 97 95 95 94 98 102 105 105 105 111 124 135 146 150 150 137 118 106 106 111 85
95 94 94 93 93 92 92 91 97 99 101 103 103 101 99 97 97 97 97 97 97 97 97 97 93 93 93 93 93 93 93 93 86 86 86 86 86 86 86 86 82 82 82 82 82 82 82 82 83 85 87 89 89 87 85 83 85 83 81 78 74 71 69 68 72 72 73 75 76 77 78 79 86 88 91 92 92 91 88 86 84 85 85 86 86 87 87 88 75 77 81 84 86 87 86 85 86 86 87 89 90 91 92 93 92 92 92 92 92 92 92 92 89 89 89 89 89 89 89 89 93 94 95 96 97 98 99 100 102 105 107 105 104 109 121 131 155 147 135 121 110 103 100 99 80
92 92 92 93 93 94 94 94 97 98 101 103 103 101 98 97 96 96 96 96 96 96 96 96 93 93 93 93 93 93 93 93 86 86 86 86 86 86 86 86 89 89 89 89 89 89 89 89 83 85 88 89 89 88 85 83 83 81 78 74 71 69 68 67 73 73 74 76 77 78 79 80 87 89 91 93 93 91 89 87 85 85 86 86 86 86 87 87 76 78 81 84 85 86 85 85 86 87 88 89 91 92 93 93 95 95 95 95 95 95 95 95 90 90 90 90 90 90 90 90 93 94 95 96 97 98 99 100 102 105 107 105 104 109 121 131 153 146 134 121 110 103 99 98 76
87 88 90 92 94 96 98 99 96 97 100 102 102 100 97 96 95 95 95 95 95 95 95 95 93 93 93 93 93 93 93 93 87 87 87 87 87 87 87 87 97 97 97 97 97 97 97 97 84 86 89 90 90 89 86 84 79 77 73 69 66 66 66 67 75 75 76 78 79 80 81 82 88 90 92 94 94 92 90 88 87 87 86 86 86 86 85 85 79 80 81 82 83 84 85 85 87 88 89 90 92 93 94 94 98 98 98 98 98 98 98 98 91 91 91 91 91 91 91 91 93 94 95 96 97 98 99 100 102 105 107 105 104 109 121 131 151 144 134 122 111 103 97 95 71
84 86 88 91 95 98 100 102 94 96 98 100 100 98 96 94 94 94 94 94 94 94 94 94 93 93 93 93 93 93 93 93 89 89 89 89 89 89 89 89 99 99 99 99 99 99 99 99 86 88 90 92 92 90 88 86 77 74 68 64 62 63 66 68 78 78 79 80 82 83 84 85 89 91 93 95 95 93 91 89 88 88 87 86 86 85 84 84 83 82 81 81 81 82 84 85 89 89 90 92 93 94 95 96 101 101 101 101 101 101 101 101 92 92 92 92 92 92 92 92 93 94 95 96 97 98 99 100 102 105 107 105 104 109 121 131 147 142 133 123 112 102 95 92 66
84 86 88 91 95 98 100 102 93 95 97 99 99 97 95 93 92 92 92 92 92 92 92 92 93 93 93 93 93 93 93 93 90 90 90 90 90 90 90 90 95 95 95 95 95 95 95 95 87 89 91 93 93 91 89 87 77 73 66 61 60 64 69 72 80 81 82 83 85 86 87 87 91 93 95 97 97 95 93 91 90 90 89 87 85 83 82 82 88 85 81 79 78 80 83 86 90 91 92 93 94 96 97 97 101 101 101 101 101 101 101 101 94 94 94 94 94 94 94 94 93 94 95 96 97 98 99 100 102 105 107 105 104 109 121 131 143 140 133 123 112 102 93 88 63
87 88 90 92 94 96 98 99 91 93 96 97 97 96 93 91 91 91 91 91 91 91 91 91 93 93 93 93 93 93 93 93 92 92 92 92 92 92 92 92 92 92 92 92 92 92 92 92 89 90 93 95 95 93 90 89 80 75 67 61 61 66 74 79 83 84 85 86 87 89 90 90 92 94 96 98 98 96 94 92 92 91 90 87 85 82 81 80 92 87 82 77 76 78 83 86 92 92 93 94 96 97 98 99 98 98 98 98 98 98 98 98 95 95 95 95 95 95 95 95 93 94 95 96 97 98 99 100 102 105 107 105 104 109 121 131 140 138 132 124 113 101 91 84 63
92 92 92 93 93 94 94 94 90 92 95 96 96 95 92 90 90 90 90 90 90 90 90 90 93 93 93 93 93 93 93 93 93 93 93 93 93 93 93 93 94 94 94 94 94 94 94 94 90 91 94 96 96 94 91 90 84 77 69 63 63 70 79 85 85 86 87 88 89 91 92 92 93 95 97 99 99 97 95 93 94 93 90 88 84 82 79 78 95 89 82 76 74 77 82 86 93 93 94 95 97 98 99 100 95 95 95 95 95 95 95 95 96 96 96 96 96 96 96 96 93 94 95 96 97 98 99 100 102 105 107 105 104 109 121 131 137 136 132 125 114 101 89 82 64
95 94 94 93 93 92 92 91 90 92 94 96 96 94 92 90 89 89 89 89 89 89 89 89 93 93 93 93 93 93 93 93 93 93 93 93 93 93 93 93 96 96 96 96 96 96 96 96 90 92 94 96 96 94 92 90 86 80 70 64 65 72 82 89 86 87 88 89 90 92 93 93 94 95 98 100 100 98 95 94 95 93 91 88 84 81 79 77 96 90 82 75 73 76 82 86 93 94 95 96 97 99 100 100 92 92 92 92 92 92 92 92 97 97 97 97 97 97 97 97 93 94 95 96 97 98 99 100 102 105 107 105 104 109 121 131 136 135 132 125 114 100 88 80 65
90 94 96 93 88 88 95 102 93 93 93 93 93 93 93 93 90 90 90 90 90 90 90 90 90 90 90 90 90 90 90 90 90 90 91 92 94 95 96 96 97 97 97 97 97 97 97 97 92 93 94 94 91 88 84 81 71 71 73 75 77 79 80 81 85 83 82 82 86 93 101 106 100 100 100 100 100 100 100 100 101 97 92 88 87 90 94 97 95 92 88 84 82 81 81 82 87 89 92 95 97 96 95 94 97 97 97 97 97 97 97 97 93 93 93 93 93 93 93 93 93 94 95 96 97 98 99 100 100 99 100 102 106 112 117 120 127 128 127 124 116 106 96 89 72
92 96 98 94 88 87 92 98 93 93 93 93 93 93 93 93 90 90 90 90 90 90 90 90 90 90 90 90 90 90 90 90 90 90 91 92 94 95 96 96 97 97 97 97 97 97 97 97 93 93 94 94 91 87 83 80 70 71 72 74 76 77 78 79 83 81 80 81 86 92 99 103 99 99 99 99 99 99 99 99 99 96 91 87 86 88 92 94 94 92 89 86 84 83 83 84 87 89 92 95 97 96 95 94 97 97 97 97 97 97 97 97 93 93 93 93 93 93 93 93 93 94 95 96 97 98 99 100 100 99 100 102 106 112 117 120 126 127 126 123 116 106 96 90 71
95 99 101 97 89 85 87 92 93 93 93 93 93 93 93 93 90 90 90 90 90 90 90 90 90 90 90 90 90 90 90 90 90 90 91 92 94 95 96 96 97 97 97 97 97 97 97 97 94 95 95 94 91 86 82 79 70 70 71 72 73 74 75 75 78 78 78 80 84 90 95 99 96 96 96 96 96 96 96 96 96 93 90 86 85 85 87 88 91 90 89 88 88 87 87 86 87 89 92 95 97 96 95 94 97 97 97 97 97 97 97 97 93 93 93 93 93 93 93 93 93 94 95 96 97 98 99 100 100 99 100 102 106 112 117 120 123 124 124 122 115 106 96 90 70
96 101 104 99 90 84 84 87 93 93 93 93 93 93 93 93 90 90 90 90 90 90 90 90 90 90 90 90 90 90 90 90 90 90 91 92 94 95 96 96 97 97 97 97 97 97 97 97 96 96 96 94 91 85 80 77 69 69 69 70 70 71 71 71 72 73 75 78 82 87 90 93 92 92 92 92 92 92 92 92 92 90 88 85 82 81 80 80 85 86 88 90 90 90 89 88 87 89 92 95 97 96 95 94 97 97 97 97 97 97 97 97 93 93 93 93 93 93 93 93 93 94 95 96 97 98 99 100 100 99 100 102 106 112 117 120 120 121 122 120 114 105 96 90 74
93 100 104 102 93 85 83 84 93 93 93 93 93 93 93 93 90 90 90 90 90 90 90 90 90 90 90 90 90 90 90 90 90 90 91 92 94 95 96 96 97 97 97 97 97 97 97 97 98 98 97 95 90 84 79 75 68 68 68 67 67 66 66 66 65 68 71 76 80 83 85 86 87 87 87 87 87 87 87 87 87 87 85 83 80 76 73 71 76 79 84 88 90 90 88 87 87 89 92 95 97 96 95 94 97 97 97 97 97 97 97 97 93 93 93 93 93 93 93 93 93 94 95 96 97 98 99 100 100 99 100 102 106 112 117 120 117 118 120 118 113 105 96 91 82
88 96 104 103 95 88 85 85 93 93 93 93 93 93 93 93 90 90 90 90 90 90 90 90 90 90 90 90 90 90 90 90 90 90 91 92 94 95 96 96 97 97 97 97 97 97 97 97 100 100 98 95 90 83 77 73 67 67 66 65 64 63 62 62 59 63 68 74 78 80 80 80 83 83 83 83 83 83 83 83 83 83 83 81 78 72 67 63 65 70 77 84 88 88 85 83 87 89 92 95 97 96 95 94 97 97 97 97 97 97 97 97 93 93 93 93 93 93 93 93 93 94 95 96 97 98 99 100 100 99 100 102 106 112 117 120 114 115 117 117 112 105 97 92 95
82 92 102 104 98 91 88 88 93 93 93 93 93 93 93 93 90 90 90 90 90 90 90 90 90 90 90 90 90 90 90 90 90 90 91 92 94 95 96 96 97 97 97 97 97 97 97 97 101 101 99 95 90 82 76 72 67 66 65 63 61 60 59 58 55 59 66 72 77 78 77 75 80 80 80 80 80 80 80 80 80 81 82 80 76 69 62 57 55 61 71 80 85 85 82 79 87 89 92 95 97 96 95 94 97 97 97 97 97 97 97 97 93 93 93 93 93 93 93 93 93 94 95 96 97 98 99 100 100 99 100 102 106 112 117 120 111 113 115 115 111 104 97 92 108
79 89 100 104 99 93 90 90 93 93 93 93 93 93 93 93 90 90 90 90 90 90 90 90 90 90 90 90 90 90 90 90 90 90 91 92 94 95 96 96 97 97 97 97 97 97 97 97 102 101 99 96 89 82 75 71 66 66 64 62 60 58 57 56 52 57 65 72 76 76 75 73 79 79 79 79 79 79 79 79 78 79 81 80 75 67 59 54 49 56 67 77 82 82 79 76 87 89 92 95 97 96 95 94 97 97 97 97 97 97 97 97 93 93 93 93 93 93 93 93 93 94 95 96 97 98 99 100 100 99 100 102 106 112 117 120 110 112 114 114 111 104 97 92 116
91 94 97 99 98 93 88 84 87 88 91 92 92 91 88 87 86 86 86 86 86 86 86 86 90 90 90 90 90 90 90 90 86 87 88 89 90 91 92 93 96 98 102 106 108 108 107 106 98 97 94 91 88 85 82 81 63 63 64 65 65 66 66 66 63 62 61 61 64 67 71 74 72 72 72 72 72 72 72 72 74 73 71 70 67 66 64 63 62 65 69 73 76 77 76 76 90 91 93 95 98 100 102 103 97 97 97 97 97 97 97 97 96 96 95 94 92 91 90 90 90 90 91 92 94 95 96 96 97 98 100 102 105 107 109 110 111 112 114 114 113 110 107 104 114
92 94 97 99 97 93 88 85 87 88 91 92 92 91 88 87 86 86 86 86 86 86 86 86 89 89 89 89 89 89 89 89 86 87 88 89 90 91 92 93 96 98 102 105 107 107 106 104 97 96 93 91 88 85 83 81 65 65 65 65 66 66 66 66 64 63 61 60 61 64 67 69 71 71 71 71 71 71 71 71 71 70 70 69 68 67 67 66 66 67 68 71 73 76 78 80 90 91 93 95 98 100 102 103 97 97 97 97 97 97 97 97 96 96 95 94 92 91 90 90 90 90 91 92 94 95 96 96 97 98 100 102 105 107 109 110 112 112 113 113 111 109 106 105 114
93 95 96 97 96 92 89 86 87 88 91 92 92 91 88 87 86 86 86 86 86 86 86 86 88 88 88 88 88 88 88 88 86 87 88 89 90 91 92 93 96 98 102 104 106 105 103 102 94 93 92 89 87 84 83 82 67 67 67 67 66 66 66 66 66 64 61 59 58 59 61 62 68 68 68 68 68 68 68 68 66 67 67 68 69 70 70 71 72 70 67 67 69 75 82 86 90 91 93 95 98 100 102 103 97 97 97 97 97 97 97 97 96 96 95 94 92 91 90 90 90 90 91 92 94 95 96 96 97 98 100 102 105 107 109 110 112 112 111 110 109 107 106 105 113
95 95 95 95 93 92 90 88 87 88 91 92 92 91 88 87 86 86 86 86 86 86 86 86 87 87 87 87 87 87 87 87 86 87 88 89 90 91 92 93 97 99 101 103 104 103 100 99 91 91 89 88 86 84 83 82 70 70 69 68 67 66 66 65 68 66 62 58 56 56 57 58 67 67 67 67 67 67 67 67 63 64 66 67 70 71 73 74 77 73 67 65 67 75 84 91 90 91 93 95 98 100 102 103 97 97 97 97 97 97 97 97 96 96 95 94 92 91 90 90 90 90 91 92 94 95 96 96 97 98 100 102 105 107 109 110 113 111 109 107 105 105 106 106 111
98 96 94 93 91 91 91 91 87 88 91 92 92 91 88 87 86 86 86 86 86 86 86 86 85 85 85 85 85 85 85 85 86 87 88 89 90 91 92 93 97 99 101 102 102 100 97 95 88 87 87 86 85 84 83 83 74 73 72 70 68 67 65 65 70 67 63 60 58 57 58 59 69 69 69 69 69 69 69 69 63 64 66 67 70 71 73 74 78 74 69 66 69 76 86 92 90 91 93 95 98 100 102 103 97 97 97 97 97 97 97 97 96 96 95 94 92 91 90 90 90 90 91 92 94 95 96 96 97 98 100 102 105 107 109 110 114 111 107 103 102 103 105 107 110
100 97 94 90 89 90 91 93 87 88 91 92 92 91 88 87 86 86 86 86 86 86 86 86 84 84 84 84 84 84 84 84 86 87 88 89 90 91 92 93 98 99 101 101 100 98 94 92 85 84 84 84 84 84 83 83 77 76 74 72 69 67 65 64 70 68 65 63 62 63 65 66 72 72 72 72 72 72 72 72 66 67 67 68 69 70 70 71 76 74 71 71 74 79 86 90 90 91 93 95 98 100 102 103 97 97 97 97 97 97 97 97 96 96 95 94 92 91 90 90 90 90 91 92 94 95 96 96 97 98 100 102 105 107 109 110 115 110 104 99 98 100 105 108 108
101 98 93 89 87 89 92 94 87 88 91 92 92 91 88 87 86 86 86 86 86 86 86 86 83 83 83 83 83 83 83 83 86 87 88 89 90 91 92 93 98 99 101 101 99 96 92 90 82 82 82 83 83 83 84 84 79 78 76 73 70 67 65 64 71 69 67 66 67 70 73 75 77 77 77 77 77 77 77 77 71 70 70 69 68 67 67 66 72 73 74 77 80 82 85 86 90 91 93 95 98 100 102 103 97 97 97 97 97 97 97 97 96 96 95 94 92 91 90 90 90 90 91 92 94 95 96 96 97 98 100 102 105 107 109 110 115 110 103 97 95 99 104 108 107
102 98 93 88 87 89 92 95 87 88 91 92 92 91 88 87 86 86 86 86 86 86 86 86 82 82 82 82 82 82 82 82 86 87 88 89 90 91 92 93 98 99 100 100 98 95 91 88 81 81 81 82 83 83 84 84 81 79 77 74 70 67 65 64 70 70 69 69 71 74 78 81 80 80 80 80 80 80 80 80 74 73 71 70 67 66 64 63 69 72 76 81 84 84 84 83 90 91 93 95 98 100 102 103 97 97 97 97 97 97 97 97 96 96 95 94 92 91 90 90 90 90 91 92 94 95 96 96 97 98 100 102 105 107 109 110 115 110 102 95 94 98 104 108 107
100 98 95 94 94 96 99 101 90 90 90 90 90 90 90 90 86 85 84 83 82 80 79 79 79 80 81 82 83 84 85 86 86 86 86 86 86 86 86 86 88 92 97 100 97 89 80 74 80 81 84 86 86 84 81 80 81 79 77 74 70 67 65 63 68 69 70 71 73 74 75 75 79 79 79 79 79 79 79 79 75 75 74 73 71 70 69 68 72 73 74 75 76 77 78 79 86 87 88 89 90 92 93 93 102 103 104 104 102 99 95 92 100 100 100 100 100 100 100 100 93 93 93 93 93 93 93 93 97 98 100 102 105 107 109 110 113 115 113 105 94 91 98 106 109
105 104 102 100 97 96 95 94 90 90 90 90 90 90 90 90 86 86 85 84 82 81 80 79 79 80 81 82 83 84 85 86 86 86 86 86 86 86 86 86 88 92 96 98 95 88 80 74 79 81 83 85 85 83 81 79 80 79 76 74 70 68 65 64 69 69 70 72 73 74 75 76 79 79 79 79 79 79 79 79 76 75 74 73 72 70 69 69 72 73 74 75 76 77 78 79 86 86 87 88 90 91 92 93 101 102 103 103 102 98 95 92 100 100 100 100 100 100 100 100 93 93 93 93 93 93 93 93 97 98 100 102 105 107 109 110 105 103 100 96 95 98 105 110 121
106 106 106 104 100 95 90 87 90 90 90 90 90 90 90 90 87 87 86 85 83 82 81 80 79 80 81 82 83 84 85 86 86 86 86 86 86 86 86 86 89 91 95 96 93 87 80 75 78 80 82 84 84 82 80 78 78 77 76 73 71 68 67 66 70 70 71 73 74 75 76 77 79 79 79 79 79 79 79 79 77 76 75 74 73 71 70 70 72 73 74 75 76 77 78 79 85 85 86 87 89 90 91 92 98 100 101 102 101 98 95 93 100 100 100 100 100 100 100 100 93 93 93 93 93 93 93 93 97 98 100 102 105 107 109 110 120 113 105 104 109 116 119 119 108
98 99 101 100 98 92 87 83 90 90 90 90 90 90 90 90 89 88 87 86 85 83 82 82 79 80 81 82 83 84 85 86 86 86 86 86 86 86 86 86 90 91 92 92 89 84 79 76 77 79 81 83 83 81 79 77 76 76 75 73 71 69 68 68 71 72 73 74 75 77 78 78 79 79 79 79 79 79 79 79 78 78 77 75 74 73 72 71 72 73 74 75 76 77 78 79 83 84 85 86 87 89 90 90 95 97 99 100 100 98 95 93 100 100 100 100 100 100 100 100 93 93 93 93 93 93 93 93 97 98 100 102 105 107 109 110 127 118 110 112 120 125 123 118 116
91 92 93 93 91 89 87 85 90 90 90 90 90 90 90 90 90 90 89 87 86 85 84 83 79 80 81 82 83 84 85 86 86 86 86 86 86 86 86 86 90 90 90 88 86 82 79 77 75 77 79 81 81 79 77 75 74 74 73 72 72 71 70 70 73 73 74 76 77 78 79 80 79 79 79 79 79 79 79 79 80 79 78 77 76 74 73 73 72 73 74 75 76 77 78 79 82 82 83 85 86 87 88 89 92 94 96 99 99 98 95 94 100 100 100 100 100 100 100 100 93 93 93 93 93 93 93 93 97 98 100 102 105 107 109 110 109 110 116 127 138 145 145 143 182
101 98 93 88 85 85 86 87 90 90 90 90 90 90 90 90 92 91 90 89 87 86 85 85 79 80 81 82 83 84 85 86 86 86 86 86 86 86 86 86 91 90 88 85 82 80 78 77 74 76 78 80 80 78 76 74 73 73 72 72 72 72 71 71 74 75 76 77 78 80 81 81 79 79 79 79 79 79 79 79 81 81 80 78 77 76 75 74 72 73 74 75 76 77 78 79 80 81 82 83 85 86 87 87 89 91 94 97 98 97 96 94 100 100 100 100 100 100 100 100 93 93 93 93 93 93 93 93 97 98 100 102 105 107 109 110 116 137 165 187 199 205 212 217 241
127 118 104 91 83 82 85 88 90 90 90 90 90 90 90 90 93 92 91 90 88 87 86 86 79 80 81 82 83 84 85 86 86 86 86 86 86 86 86 86 92 90 86 82 80 78 78 78 73 75 77 79 79 77 75 73 71 71 72 72 72 72 73 73 75 76 77 78 79 81 82 82 79 79 79 79 79 79 79 79 82 82 81 79 78 77 76 75 72 73 74 75 76 77 78 79 79 80 81 82 84 85 86 86 86 89 92 95 97 97 96 95 100 100 100 100 100 100 100 100 93 93 93 93 93 93 93 93 97 98 100 102 105 107 109 110 149 186 231 254 255 252 255 255 255
151 137 116 96 83 80 83 87 90 90 90 90 90 90 90 90 93 93 92 90 89 88 87 86 79 80 81 82 83 84 85 86 86 86 86 86 86 86 86 86 92 89 85 81 78 77 78 78 72 74 77 78 78 77 74 72 70 71 71 72 72 73 73 74 76 76 77 78 80 81 82 83 79 79 79 79 79 79 79 79 83 82 81 80 78 77 76 76 72 73 74 75 76 77 78 79 79 79 80 82 83 84 85 86 85 87 91 95 97 97 96 95 100 100 100 100 100 100 100 100 93 93 93 93 93 93 93 93 97 98 100 102 105 107 109 110 164 209 255 255 255 248 250 255 255
161 131 95 74 74 83 88 89 90 90 90 90 90 90 90 90 90 90 90 90 90 90 90 90 86 86 86 86 86 86 86 86 86 86 86 86 86 86 86 86 84 83 82 80 78 76 75 74 72 72 72 72 72 72 72 72 68 69 70 71 73 74 75 75 82 82 82 82 82 82 82 82 83 83 83 83 83 83 83 83 75 75 75 75 75 75 75 75 70 71 72 74 76 78 80 81 79 79 79 79 79 79 79 79 86 87 88 89 90 92 93 93 94 95 98 99 99 98 95 94 96 94 92 90 90 92 94 96 101 96 101 111 107 96 101 117 198 233 255 248 244 255 255 248 254
160 138 107 84 76 79 86 89 90 90 90 90 90 90 90 90 90 90 90 90 90 90 90 90 86 86 86 86 86 86 86 86 86 86 86 86 86 86 86 86 83 83 81 80 78 77 75 75 72 72 72 72 72 72 72 72 69 69 70 72 73 74 75 76 80 80 80 80 80 80 80 80 79 79 79 79 79 79 79 79 78 78 78 78 78 78 78 78 74 74 75 75 76 77 78 78 79 79 79 79 79 79 79 79 86 86 87 88 90 91 92 93 94 95 98 99 99 98 95 94 96 94 92 90 90 92 94 96 102 96 100 109 105 94 99 116 205 238 255 253 248 255 255 253 254
158 148 127 103 83 77 83 90 90 90 90 90 90 90 90 90 90 90 90 90 90 90 90 90 86 86 86 86 86 86 86 86 86 86 86 86 86 86 86 86 82 81 81 80 78 77 77 76 73 73 73 73 73 73 73 73 70 70 71 73 74 75 76 77 78 78 78 78 78 78 78 78 76 76 76 76 76 76 76 76 82 82 82 82 82 82 82 82 79 79 78 77 77 76 75 75 79 79 79 79 79 79 79 79 85 85 86 87 89 90 91 92 94 95 98 99 99 98 95 94 96 94 92 90 90 92 94 96 102 95 98 106 102 92 99 116 216 242 255 255 252 255 255 255 254
158 158 147 123 95 80 82 90 90 90 90 90 90 90 90 90 90 90 90 90 90 90 90 90 86 86 86 86 86 86 86 86 86 86 86 86 86 86 86 86 80 80 80 79 79 78 78 78 75 75 75 75 75 75 75 75 71 72 73 74 75 77 78 78 81 81 81 81 81 81 81 81 79 79 79 79 79 79 79 79 86 86 86 86 86 86 86 86 83 83 81 79 77 75 74 73 79 79 79 79 79 79 79 79 83 84 85 86 87 89 90 90 94 95 98 99 99 98 95 94 96 94 92 90 90 92 94 96 102 94 96 104 100 92 102 121 224 243 255 255 251 249 254 255 254
160 164 161 141 113 91 85 88 90 90 90 90 90 90 90 90 90 90 90 90 90 90 90 90 86 86 86 86 86 86 86 86 86 86 86 86 86 86 86 86 78 78 78 79 79 80 80 80 76 76 76 76 76 76 76 76 73 73 74 76 77 78 79 80 85 85 85 85 85 85 85 85 86 86 86 86 86 86 86 86 87 87 87 87 87 87 87 87 85 84 83 81 79 77 75 75 79 79 79 79 79 79 79 79 82 82 83 85 86 87 88 89 94 95 98 99 99 98 95 94 96 94 92 90 90 92 94 96 101 93 94 103 102 98 111 133 225 235 248 252 243 234 240 251 254
163 167 166 154 132 109 92 84 90 90 90 90 90 90 90 90 90 90 90 90 90 90 90 90 86 86 86 86 86 86 86 86 86 86 86 86 86 86 86 86 76 77 77 78 80 81 81 82 78 78 78 78 78 78 78 78 74 75 76 77 78 80 81 81 83 83 83 83 83 83 83 83 89 89 89 89 89 89 89 89 86 86 86 86 86 86 86 86 83 83 82 81 81 80 79 79 79 79 79 79 79 79 79 79 80 81 82 83 85 86 87 87 94 95 98 99 99 98 95 94 96 94 92 90 90 92 94 96 100 92 94 104 107 107 124 148 218 221 231 238 228 213 219 237 254
167 166 165 162 150 127 99 80 90 90 90 90 90 90 90 90 90 90 90 90 90 90 90 90 86 86 86 86 86 86 86 86 86 86 86 86 86 86 86 86 75 75 77 78 80 81 83 83 79 79 79 79 79 79 79 79 75 76 77 78 79 81 82 82 75 75 75 75 75 75 75 75 86 86 86 86 86 86 86 86 84 84 84 84 84 84 84 84 80 80 81 82 83 83 84 84 79 79 79 79 79 79 79 79 79 80 81 82 84 85 86 86 94 95 98 99 99 98 95 94 96 94 92 90 90 92 94 96 98 90 94 107 113 117 137 164 209 206 214 223 211 192 199 222 254
169 165 163 165 161 139 104 77 90 90 90 90 90 90 90 90 90 90 90 90 90 90 90 90 86 86 86 86 86 86 86 86 86 86 86 86 86 86 86 86 74 75 76 78 80 82 83 84 79 79 79 79 79 79 79 79 76 76 77 78 80 81 82 83 68 68 68 68 68 68 68 68 82 82 82 82 82 82 82 82 82 82 82 82 82 82 82 82 77 78 80 82 84 86 87 88 79 79 79 79 79 79 79 79 79 79 80 82 83 84 85 86 94 95 98 99 99 98 95 94 96 94 92 90 90 92 94 96 97 90 94 108 116 123 146 174 202 195 203 213 201 180 186 212 254
164 161 161 166 165 146 113 86 86 87 88 89 90 91 92 93 86 86 86 86 86 86 86 86 86 86 86 86 86 86 86 86 89 89 88 87 85 84 83 83 79 79 79 79 79 79 79 79 78 78 77 77 76 75 75 74 70 70 70 70 70 70 70 70 65 63 61 60 61 63 66 68 66 66 66 66 66 66 66 66 65 67 69 72 76 79 81 83 82 82 83 83 84 85 85 85 81 82 84 85 85 82 80 78 79 80 81 82 83 84 85 86 90 92 94 96 96 94 92 90 90 90 90 90 90 90 90 90 95 102 98 89 100 129 149 151 163 126 108 132 164 180 196 215 251
164 161 161 166 165 147 115 89 86 87 88 89 90 91 92 93 86 86 86 86 86 86 86 86 86 86 86 86 86 86 86 86 89 89 88 87 85 84 83 83 79 79 79 79 79 79 79 79 80 79 79 78 77 76 75 75 67 66 66 65 64 63 63 62 58 57 54 53 53 55 58 60 65 65 65 65 65 65 65 65 58 59 61 64 67 70 72 74 74 75 76 78 80 82 83 84 81 83 85 87 86 84 82 80 79 80 81 82 83 84 85 86 90 92 94 96 96 94 92 90 90 90 90 90 90 90 90 90 95 102 98 89 101 129 149 150 150 116 99 122 155 176 193 210 249
165 162 161 166 167 150 120 96 86 87 88 89 90 91 92 93 86 86 86 86 86 86 86 86 86 86 86 86 86 86 86 86 89 89 88 87 85 84 83 83 79 79 79 79 79 79 79 79 79 79 78 76 74 73 72 71 62 61 60 58 56 54 52 52 49 48 45 43 43 44 47 48 60 60 60 60 60 60 60 60 47 48 50 52 55 57 59 60 62 64 66 70 73 77 79 81 81 83 86 88 88 86 84 82 79 80 81 82 83 84 85 86 90 92 94 96 96 94 92 90 90 90 90 90 90 90 90 90 93 101 99 91 102 130 148 148 133 104 89 110 145 172 191 204 246
166 162 161 166 168 154 127 104 86 87 88 89 90 91 92 93 86 86 86 86 86 86 86 86 86 86 86 86 86 86 86 86 89 89 88 87 85 84 83 83 79 79 79 79 79 79 79 79 74 73 72 69 67 65 63 62 57 56 54 52 49 47 45 44 44 42 39 36 35 36 38 39 50 50 50 50 50 50 50 50 39 40 41 43 45 46 47 48 52 54 57 61 66 71 74 76 79 81 84 87 88 87 85 84 79 80 81 82 83 84 85 86 90 92 94 96 96 94 92 90 90 90 90 90 90 90 90 90 91 100 100 93 104 131 147 146 122 100 86 103 140 175 195 203 242
167 162 161 166 169 159 134 113 86 87 88 89 90 91 92 93 86 86 86 86 86 86 86 86 86 86 86 86 86 86 86 86 89 89 88 87 85 84 83 83 79 79 79 79 79 79 79 79 68 67 65 62 59 56 54 53 53 53 52 50 48 47 46 45 46 44 40 37 35 35 36 37 42 42 42 42 42 42 42 42 38 39 39 40 41 42 43 43 46 48 51 56 60 65 68 70 74 77 80 84 85 85 84 83 79 80 81 82 83 84 85 86 90 92 94 96 96 94 92 90 90 90 90 90 90 90 90 90 89 99 100 95 106 132 146 144 119 103 90 101 139 181 202 204 238
168 163 160 166 171 163 141 122 86 87 88 89 90 91 92 93 86 86 86 86 86 86 86 86 86 86 86 86 86 86 86 86 89 89 88 87 85 84 83 83 79 79 79 79 79 79 79 79 68 67 64 60 56 53 50 49 52 52 52 52 53 53 53 53 55 53 48 44 42 41 42 43 43 43 43 43 43 43 43 43 45 45 45 45 45 46 46 46 46 47 50 53 57 60 63 64 67 70 74 78 81 81 81 80 79 80 81 82 83 84 85 86 90 92 94 96 96 94 92 90 90 90 90 90 90 90 90 90 86 98 101 98 109 133 145 142 119 109 95 100 138 185 205 201 234
169 163 160 165 172 166 146 128 86 87 88 89 90 91 92 93 86 86 86 86 86 86 86 86 86 86 86 86 86 86 86 86 89 89 88 87 85 84 83 83 79 79 79 79 79 79 79 79 74 73 70 65 61 57 54 52 52 53 55 57 60 62 64 65 67 64 59 55 52 50 51 51 51 51 51 51 51 51 51 51 54 54 54 54 53 53 53 53 50 50 52 53 55 57 58 59 60 63 68 73 76 77 76 76 79 80 81 82 83 84 85 86 90 92 94 96 96 94 92 90 90 90 90 90 90 90 90 90 85 98 102 99 110 133 145 140 117 111 97 96 133 183 203 194 231
170 163 160 165 172 167 149 132 86 87 88 89 90 91 92 93 86 86 86 86 86 86 86 86 86 86 86 86 86 86 86 86 89 89 88 87 85 84 83 83 79 79 79 79 79 79 79 79 81 79 76 71 67 62 59 57 52 54 57 60 65 68 71 73 75 72 67 62 59 57 57 58 59 59 59 59 59 59 59 59 61 61 60 60 59 59 58 58 53 53 54 54 55 56 56 56 56 59 64 69 72 74 74 73 79 80 81 82 83 84 85 86 90 92 94 96 96 94 92 90 90 90 90 90 90 90 90 90 84 97 102 100 111 134 144 140 115 111 96 92 128 180 199 187 229
174 164 158 166 177 175 155 135 95 78 73 85 91 86 85 93 89 89 88 87 85 84 83 83 86 86 86 86 86 86 86 86 86 86 86 86 86 86 86 86 79 79 79 79 79 79 79 79 79 79 79 79 79 79 79 79 68 68 68 68 68 68 68 68 64 64 64 64 64 64 64 64 61 61 61 61 61 61 61 61 64 64 64 64 64 64 64 64 66 65 64 62 60 58 56 55 53 56 61 65 69 70 70 70 76 77 79 81 84 86 88 89 93 93 93 93 93 93 93 93 90 90 90 90 90 90 90 90 87 90 87 88 110 136 137 122 114 110 98 95 124 171 198 200 222
173 164 159 166 176 174 156 137 98 80 74 85 91 85 85 93 89 89 88 87 85 84 83 83 86 86 86 86 86 86 86 86 86 86 86 86 86 86 86 86 79 79 79 79 79 79 79 79 79 79 79 79 79 79 79 79 69 69 69 69 69 69 69 69 67 67 67 67 67 67 67 67 64 64 64 64 64 64 64 64 68 68 68 68 68 68 68 68 66 66 65 65 64 63 62 62 57 60 64 69 72 73 73 72 76 77 79 81 84 86 88 89 93 93 93 93 93 93 93 93 90 90 90 90 90 90 90 90 87 90 88 89 110 136 136 120 113 110 99 95 123 169 196 200 231
171 164 160 165 173 171 157 142 104 84 76 85 90 84 84 93 89 89 88 87 85 84 83 83 86 86 86 86 86 86 86 86 86 86 86 86 86 86 86 86 79 79 79 79 79 79 79 79 79 79 79 79 79 79 79 79 70 70 70 70 70 70 70 70 72 72 72 72 72 72 72 72 70 70 70 70 70 70 70 70 73 73 73 73 73 73 73 73 67 68 68 69 70 71 71 72 64 66 71 75 77 78 77 76 76 77 79 81 84 86 88 89 93 93 93 93 93 93 93 93 90 90 90 90 90 90 90 90 86 90 89 91 112 135 134 117 111 111 101 96 120 164 194 199 231
169 164 161 164 170 169 159 149 111 90 78 85 88 82 83 93 89 89 88 87 85 84 83 83 86 86 86 86 86 86 86 86 86 86 86 86 86 86 86 86 79 79 79 79 79 79 79 79 79 79 79 79 79 79 79 79 71 71 71 71 71 71 71 71 75 75 75 75 75 75 75 75 75 75 75 75 75 75 75 75 78 78 78 78 78 78 78 78 69 70 72 74 76 78 79 80 71 73 77 80 82 82 81 80 76 77 79 81 84 86 88 89 93 93 93 93 93 93 93 93 90 90 90 90 90 90 90 90 86 91 91 94 113 135 132 113 109 111 104 97 117 159 190 199 221
166 164 162 163 166 166 161 156 119 96 81 85 87 81 82 93 89 89 88 87 85 84 83 83 86 86 86 86 86 86 86 86 86 86 86 86 86 86 86 86 79 79 79 79 79 79 79 79 79 79 79 79 79 79 79 79 73 73 73 73 73 73 73 73 77 77 77 77 77 77 77 77 78 78 78 78 78 78 78 78 81 81 81 81 81 81 81 81 72 73 75 76 79 80 82 83 76 78 81 83 84 84 82 81 76 77 79 81 84 86 88 89 93 93 93 93 93 93 93 93 90 90 90 90 90 90 90 90 86 92 93 96 115 135 129 109 107 112 107 98 113 153 186 198 217
164 164 163 163 163 163 163 162 126 101 84 85 85 79 81 92 89 89 88 87 85 84 83 83 86 86 86 86 86 86 86 86 86 86 86 86 86 86 86 86 79 79 79 79 79 79 79 79 79 79 79 79 79 79 79 79 74 74 74 74 74 74 74 74 76 76 76 76 76 76 76 76 78 78 78 78 78 78 78 78 81 81 81 81 81 81 81 81 76 76 77 77 78 79 80 80 78 80 82 84 84 83 81 79 76 77 79 81 84 86 88 89 93 93 93 93 93 93 93 93 90 90 90 90 90 90 90 90 86 93 95 99 117 135 127 105 105 113 109 98 110 148 183 197 219
162 163 164 162 160 161 164 167 131 105 86 85 84 78 81 92 89 89 88 87 85 84 83 83 86 86 86 86 86 86 86 86 86 86 86 86 86 86 86 86 79 79 79 79 79 79 79 79 79 79 79 79 79 79 79 79 75 75 75 75 75 75 75 75 73 73 73 73 73 73 73 73 76 76 76 76 76 76 76 76 80 80 80 80 80 80 80 80 79 78 78 77 76 75 75 74 78 79 82 83 83 81 78 76 76 77 79 81 84 86 88 89 93 93 93 93 93 93 93 93 90 90 90 90 90 90 90 90 86 93 97 101 118 135 125 102 103 114 111 99 107 144 180 197 212
161 163 164 162 159 159 165 170 134 107 87 85 83 77 80 92 89 89 88 87 85 84 83 83 86 86 86 86 86 86 86 86 86 86 86 86 86 86 86 86 79 79 79 79 79 79 79 79 79 79 79 79 79 79 79 79 76 76 76 76 76 76 76 76 72 72 72 72 72 72 72 72 75 75 75 75 75 75 75 75 79 79 79 79 79 79 79 79 80 80 78 76 74 72 71 70 77 79 81 82 81 79 76 74 76 77 79 81 84 86 88 89 93 93 93 93 93 93 93 93 90 90 90 90 90 90 90 90 86 94 97 102 119 135 124 101 103 114 113 99 106 141 179 196 200
163 163 163 163 163 163 163 163 145 120 91 75 76 80 80 76 79 80 81 82 83 85 86 86 83 83 83 83 83 83 83 83 86 86 86 86 86 86 86 86 79 78 77 76 75 74 73 72 69 69 70 71 73 74 75 75 81 80 78 77 74 73 71 70 73 72 71 70 68 67 66 66 73 73 73 73 73 73 73 73 69 69 70 71 73 74 75 76 76 76 76 76 76 76 76 76 79 79 79 79 79 79 79 79 79 80 81 82 83 84 85 86 87 88 91 92 92 91 88 87 86 86 86 86 86 86 86 86 89 88 94 108 123 127 118 107 116 105 112 101 86 135 196 201 202
163 163 163 163 163 163 163 163 146 122 92 76 76 81 80 76 79 79 80 81 83 84 85 86 83 83 83 83 83 83 83 83 86 86 86 86 86 86 86 86 79 78 77 76 75 74 73 72 69 69 70 71 73 74 75 75 80 79 78 76 75 73 72 71 70 70 69 67 66 65 64 63 70 70 70 70 70 70 70 70 68 69 70 71 72 74 75 75 76 76 76 76 76 76 76 76 79 79 79 79 79 79 79 79 79 80 81 82 83 84 85 86 87 88 91 92 92 91 88 87 86 86 86 86 86 86 86 86 90 90 96 109 123 126 118 107 116 105 112 101 86 135 196 201 202
163 163 163 163 163 163 163 163 149 124 93 77 77 81 80 75 78 78 79 80 82 83 84 85 83 83 83 83 83 83 83 83 85 85 85 85 85 85 85 85 79 78 77 76 75 74 73 72 69 69 70 71 73 74 75 75 78 78 77 76 75 74 73 73 67 66 65 64 63 61 60 60 65 65 65 65 65 65 65 65 67 68 69 70 71 73 74 74 76 76 76 76 76 76 76 76 78 78 78 78 78 78 78 78 79 80 81 82 83 84 85 86 87 88 91 92 92 91 88 87 86 86 86 86 86 86 86 86 90 93 100 112 123 124 117 109 116 105 112 101 86 135 196 201 202
163 163 163 163 163 163 163 163 152 127 96 79 78 81 79 75 76 77 78 79 80 82 83 83 83 83 83 83 83 83 83 83 83 83 83 83 83 83 83 83 79 78 77 76 75 74 73 72 69 69 70 71 73 74 75 75 76 76 76 76 75 75 75 75 64 64 63 62 60 59 58 57 62 62 62 62 62 62 62 62 66 66 67 69 70 71 72 73 76 76 76 76 76 76 76 76 76 76 76 76 76 76 76 76 79 80 81 82 83 84 85 86 87 88 91 92 92 91 88 87 86 86 86 86 86 86 86 86 91 96 105 115 122 122 116 111 116 105 112 101 86 135 196 201 202
163 163 163 163 163 163 163 163 155 130 98 80 79 81 79 74 75 75 76 78 79 80 81 82 83 83 83 83 83 83 83 83 82 82 82 82 82 82 82 82 79 78 77 76 75 74 73 72 69 69 70 71 73 74 75 75 75 75 75 75 76 76 76 76 64 64 63 62 60 59 58 57 60 60 60 60 60 60 60 60 64 65 66 67 68 70 71 71 76 76 76 76 76 76 76 76 75 75 75 75 75 75 75 75 79 80 81 82 83 84 85 86 87 88 91 92 92 91 88 87 86 86 86 86 86 86 86 86 92 100 111 119 121 119 115 113 116 105 112 101 86 135 196 201 202
163 163 163 163 163 163 163 163 159 133 101 82 80 82 79 74 73 74 75 76 78 79 80 80 83 83 83 83 83 83 83 83 80 80 80 80 80 80 80 80 79 78 77 76 75 74 73 72 69 69 70 71 73 74 75 75 73 73 74 75 76 77 78 78 67 66 65 64 63 61 60 60 61 61 61 61 61 61 61 61 63 63 64 66 67 68 69 70 76 76 76 76 76 76 76 76 73 73 73 73 73 73 73 73 79 80 81 82 83 84 85 86 87 88 91 92 92 91 88 87 86 86 86 86 86 86 86 86 92 103 117 123 120 116 114 115 116 105 112 101 86 135 196 201 202
163 163 163 163 163 163 163 163 161 135 103 84 80 82 79 73 72 73 74 75 77 78 79 79 83 83 83 83 83 83 83 83 79 79 79 79 79 79 79 79 79 78 77 76 75 74 73 72 69 69 70 71 73 74 75 75 71 72 73 75 76 78 79 80 70 70 69 67 66 65 64 63 64 64 64 64 64 64 64 64 62 62 63 65 66 67 68 69 76 76 76 76 76 76 76 76 72 72 72 72 72 72 72 72 79 80 81 82 83 84 85 86 87 88 91 92 92 91 88 87 86 86 86 86 86 86 86 86 93 106 121 125 120 114 114 117 116 105 112 101 86 135 196 201 202
163 163 163 163 163 163 163 163 162 136 104 84 81 82 79 73 72 72 73 75 76 77 78 79 83 83 83 83 83 83 83 83 79 79 79 79 79 79 79 79 79 78 77 76 75 74 73 72 69 69 70 71 73 74 75 75 70 71 73 74 77 78 80 81 73 72 71 70 68 67 66 66 65 65 65 65 65 65 65 65 61 62 63 64 66 67 68 68 76 76 76 76 76 76 76 76 72 72 72 72 72 72 72 72 79 80 81 82 83 84 85 86 87 88 91 92 92 91 88 87 86 86 86 86 86 86 86 86 93 108 123 127 119 113 113 118 116 105 112 101 86 135 196 201 202
163 163 163 163 163 163 163 163 153 128 97 79 78 81 79 75 70 71 73 74 77 78 80 81 76 78 80 82 82 80 78 76 79 79 79 79 79 79 79 79 75 75 74 73 71 70 69 69 72 72 72 72 72 72 72 72 79 79 79 79 79 79 79 79 68 68 68 68 68 68 68 68 68 68 68 68 68 68 68 68 69 69 70 71 73 74 75 75 76 76 76 76 76 76 76 76 76 76 76 76 76 76 76 76 81 80 80 79 79 78 78 77 83 83 84 85 87 88 89 89 78 99 95 69 69 96 100 80 99 121 144 148 137 128 132 140 128 134 136 129 126 143 179 209 199
163 163 163 163 163 163 163 163 154 129 98 80 79 82 80 75 71 72 73 75 76 78 79 80 76 78 80 82 82 80 78 76 79 79 79 79 79 79 79 79 75 75 74 73 71 70 69 69 72 72 72 72 72 72 72 72 79 79 79 79 79 79 79 79 71 71 71 71 71 71 71 71 69 69 69 69 69 69 69 69 69 69 70 71 73 74 75 75 76 76 76 76 76 76 76 76 76 76 76 76 76 76 76 76 80 80 79 79 79 79 78 78 83 83 84 85 87 88 89 89 76 91 94 82 77 87 94 92 148 169 191 197 189 183 188 196 199 196 187 175 167 174 192 208 193
163 163 163 163 163 163 163 163 155 130 99 81 80 83 81 76 73 73 74 75 76 77 78 78 76 78 80 82 82 80 78 76 79 79 79 79 79 79 79 79 75 75 74 73 71 70 69 69 72 72 72 72 72 72 72 72 79 79 79 79 79 79 79 79 75 75 75 75 75 75 75 75 70 70 70 70 70 70 70 70 69 69 70 71 73 74 75 75 76 76 76 76 76 76 76 76 76 76 76 76 76 76 76 76 78 78 79 79 79 79 80 80 83 83 84 85 87 88 89 89 78 82 91 96 84 74 91 120 202 220 239 246 241 238 242 249 255 241 224 213 209 209 208 206 193
163 163 163 163 163 163 163 163 156 131 100 82 81 84 82 77 75 75 75 75 76 76 76 76 76 78 80 82 82 80 78 76 79 79 79 79 79 79 79 79 75 75 74 73 71 70 69 69 72 72 72 72 72 72 72 72 79 79 79 79 79 79 79 79 79 79 79 79 79 79 79 79 71 71 71 71 71 71 71 71 69 69 70 71 73 74 75 75 76 76 76 76 76 76 76 76 76 76 76 76 76 76 76 76 77 77 78 79 79 80 81 81 83 83 84 85 87 88 89 89 89 79 85 96 81 67 103 160 231 244 255 255 255 255 255 255 255 237 218 215 223 224 212 198 197
163 163 163 163 163 163 163 163 158 133 101 84 82 85 83 79 76 76 76 76 75 75 75 75 76 78 80 82 82 80 78 76 79 79 79 79 79 79 79 79 75 75 74 73 71 70 69 69 72 72 72 72 72 72 72 72 79 79 79 79 79 79 79 79 80 80 80 80 80 80 80 80 73 73 73 73 73 73 73 73 69 69 70 71 73 74 75 75 76 76 76 76 76 76 76 76 76 76 76 76 76 76 76 76 75 75 76 78 80 82 83 83 83 83 84 85 87 88 89 89 101 82 78 85 76 77 131 200 241 247 254 255 252 249 248 248 245 224 205 204 216 217 201 182 192
163 163 163 163 163 163 163 163 159 134 103 85 84 87 85 80 78 78 77 76 75 74 73 73 76 78 80 82 82 80 78 76 79 79 79 79 79 79 79 79 75 75 74 73 71 70 69 69 72 72 72 72 72 72 72 72 79 79 79 79 79 79 79 79 79 79 79 79 79 79 79 79 74 74 74 74 74 74 74 74 69 69 70 71 73 74 75 75 76 76 76 76 76 76 76 76 76 76 76 76 76 76 76 76 73 74 75 78 80 83 84 85 83 83 84 85 87 88 89 89 100 88 78 76 79 106 165 221 241 243 246 248 248 247 245 244 255 234 213 206 210 207 190 173 184
163 163 163 163 163 163 163 163 160 135 104 86 85 88 86 81 80 79 78 76 75 73 72 71 76 78 80 82 82 80 78 76 79 79 79 79 79 79 79 79 75 75 74 73 71 70 69 69 72 72 72 72 72 72 72 72 79 79 79 79 79 79 79 79 77 77 77 77 77 77 77 77 75 75 75 75 75 75 75 75 69 69 70 71 73 74 75 75 76 76 76 76 76 76 76 76 76 76 76 76 76 76 76 76 71 72 75 77 81 83 86 87 83 83 84 85 87 88 89 89 85 90 84 75 94 145 195 221 233 233 236 241 248 252 253 252 255 246 225 213 209 204 194 185 191
163 163 163 163 163 163 163 163 161 135 104 87 85 88 86 82 81 80 78 77 74 73 71 70 76 78 80 82 82 80 78 76 79 79 79 79 79 79 79 79 75 75 74 73 71 70 69 69 72 72 72 72 72 72 72 72 79 79 79 79 79 79 79 79 75 75 75 75 75 75 75 75 76 76 76 76 76 76 76 76 69 69 70 71 73 74 75 75 76 76 76 76 76 76 76 76 76 76 76 76 76 76 76 76 70 72 74 77 81 84 86 88 83 83 84 85 87 88 89 89 70 90 90 79 108 172 212 214 222 221 225 235 247 255 255 255 255 244 227 215 209 208 206 205 206
160 160 160 160 160 160 160 160 159 135 106 90 88 89 84 77 96 80 65 65 76 84 81 73 104 95 90 91 90 83 76 74 79 79 79 79 79 79 79 79 75 75 74 73 71 70 69 69 72 72 72 72 72 72 72 72 76 76 76 76 76 76 76 76 76 76 76 76 76 76 76 76 76 76 76 76 76 76 76 76 76 76 76 76 76 76 76 76 79 79 79 79 79 79 79 79 72 73 74 75 76 78 79 79 76 76 77 78 80 81 82 82 90 90 90 90 90 90 90 90 87 73 78 110 143 162 180 196 199 205 215 228 241 252 255 255 255 255 250 243 235 228 222 219 224
160 160 160 160 160 160 160 160 158 135 106 90 88 89 84 78 66 74 84 90 88 83 78 76 152 152 129 91 77 87 84 67 79 79 79 79 79 79 79 79 75 75 74 73 71 70 69 69 72 72 72 72 72 72 72 72 75 75 75 75 75 75 75 75 76 76 76 76 76 76 76 76 76 76 76 76 76 76 76 76 76 76 76 76 76 76 76 76 79 79 79 79 79 79 79 79 72 72 73 74 76 77 78 79 76 76 77 78 80 81 82 82 89 89 89 89 89 89 89 89 93 76 81 118 154 169 172 177 159 175 200 226 246 255 255 255 255 254 251 248 245 242 239 238 243
160 160 160 160 160 160 160 160 157 134 105 89 88 90 86 79 59 76 92 94 86 85 98 112 175 178 148 96 75 89 89 71 78 78 78 78 78 78 78 78 75 75 74 73 71 70 69 69 72 72 72 72 72 72 72 72 74 74 74 74 74 74 74 74 76 76 76 76 76 76 76 76 76 76 76 76 76 76 76 76 76 76 76 76 76 76 76 76 78 78 78 78 78 78 78 78 71 71 72 73 75 76 77 78 76 76 77 78 80 81 82 82 88 88 88 88 88 88 88 88 97 83 89 125 157 165 161 161 151 172 205 237 255 255 255 249 251 252 253 254 255 255 255 255 255
160 160 160 160 160 160 160 160 155 132 104 89 89 91 87 81 86 85 82 78 83 105 139 164 146 137 128 118 101 84 81 86 76 76 76 76 76 76 76 76 75 75 74 73 71 70 69 69 72 72 72 72 72 72 72 72 73 73 73 73 73 73 73 73 76 76 76 76 76 76 76 76 76 76 76 76 76 76 76 76 76 76 76 76 76 76 76 76 76 76 76 76 76 76 76 76 69 70 71 72 73 75 76 76 76 76 77 78 80 81 82 82 87 87 87 87 87 87 87 87 94 90 101 126 140 142 154 171 195 210 234 255 255 255 250 241 252 252 254 255 255 255 255 255 255
160 160 160 160 160 160 160 160 153 130 103 89 89 92 89 83 100 89 81 89 114 144 165 174 115 91 109 154 140 78 61 94 75 75 75 75 75 75 75 75 75 75 74 73 71 70 69 69 72 72 72 72 72 72 72 72 71 71 71 71 71 71 71 71 76 76 76 76 76 76 76 76 76 76 76 76 76 76 76 76 76 76 76 76 76 76 76 76 75 75 75 75 75 75 75 75 68 68 69 71 72 73 74 75 76 76 77 78 80 81 82 82 85 85 85 85 85 85 85 85 86 94 111 122 118 121 158 201 236 242 250 255 255 255 250 246 254 254 254 253 253 252 252 252 254
160 160 160 160 160 160 160 160 151 129 102 88 89 93 90 85 89 90 103 130 159 169 156 140 113 96 121 167 147 75 52 82 73 73 73 73 73 73 73 73 75 75 74 73 71 70 69 69 72 72 72 72 72 72 72 72 70 70 70 70 70 70 70 70 76 76 76 76 76 76 76 76 76 76 76 76 76 76 76 76 76 76 76 76 76 76 76 76 73 73 73 73 73 73 73 73 66 67 68 69 71 72 73 73 76 76 77 78 80 81 82 82 84 84 84 84 84 84 84 84 84 93 111 122 120 131 178 229 243 244 245 247 249 252 254 255 255 255 253 251 249 247 245 244 255
160 160 160 160 160 160 160 160 150 128 101 88 90 94 92 87 90 106 132 155 163 153 132 115 113 131 142 129 102 79 67 63 72 72 72 72 72 72 72 72 75 75 74 73 71 70 69 69 72 72 72 72 72 72 72 72 69 69 69 69 69 69 69 69 76 76 76 76 76 76 76 76 76 76 76 76 76 76 76 76 76 76 76 76 76 76 76 76 72 72 72 72 72 72 72 72 65 66 67 68 70 71 72 72 76 76 77 78 80 81 82 82 83 83 83 83 83 83 83 83 90 88 102 129 151 171 205 240 245 245 246 248 250 252 253 254 254 253 253 252 250 249 249 248 255
160 160 160 160 160 160 160 160 149 127 101 88 90 94 92 87 108 128 148 151 137 122 116 117 102 156 151 78 49 83 89 51 72 72 72 72 72 72 72 72 75 75 74 73 71 70 69 69 72 72 72 72 72 72 72 72 68 68 68 68 68 68 68 68 76 76 76 76 76 76 76 76 76 76 76 76 76 76 76 76 76 76 76 76 76 76 76 76 72 72 72 72 72 72 72 72 65 65 66 68 69 70 71 72 76 76 77 78 80 81 82 82 82 82 82 82 82 82 82 82 96 83 93 136 182 209 225 238 255 255 255 255 255 254 249 245 251 252 252 253 254 255 255 255 253
160 160 160 160 160 160 160 160 144 131 110 89 81 93 116 135 117 148 169 149 105 81 97 124 127 115 95 77 67 66 71 76 63 64 64 65 65 66 66 67 65 66 67 68 69 71 72 72 65 66 67 68 69 70 71 72 69 69 69 69 69 69 69 69 65 66 67 68 69 70 71 72 76 76 76 76 76 76 76 76 76 76 76 76 76 76 76 76 72 72 72 72 72 72 72 72 72 72 72 72 72 72 72 72 76 76 77 78 80 81 82 83 79 80 81 82 83 84 85 86 80 64 107 202 253 241 240 255 255 255 255 255 253 250 249 248 251 247 247 255 255 255 253 242 251
160 160 160 160 160 160 160 160 140 128 109 91 86 103 134 159 161 147 127 113 111 121 135 145 115 106 92 78 69 68 70 73 64 64 65 65 65 65 66 66 65 65 66 67 69 70 71 72 65 66 67 68 69 70 71 72 69 69 69 69 69 69 69 69 65 66 67 68 69 70 71 72 75 75 75 75 75 75 75 75 75 75 75 75 75 75 75 75 72 72 72 72 72 72 72 72 72 72 72 72 72 72 72 72 75 76 77 78 79 81 82 82 79 80 81 82 83 84 85 86 81 72 121 217 255 248 236 254 245 245 245 244 244 244 244 244 255 255 255 255 254 247 246 247 255
160 160 160 160 160 160 160 160 139 125 107 97 105 128 155 174 171 131 94 98 133 157 150 130 97 93 86 78 73 70 69 69 66 66 65 65 65 65 64 64 64 64 65 66 68 69 70 71 65 66 67 68 69 70 71 72 69 69 69 69 69 69 69 69 65 66 67 68 69 70 71 72 74 74 74 74 74 74 74 74 74 74 74 74 74 74 74 74 72 72 72 72 72 72 72 72 72 72 72 72 72 72 72 72 74 75 76 77 78 80 81 81 79 80 81 82 83 84 85 86 59 60 119 219 255 255 245 255 255 255 255 255 255 255 255 255 216 233 251 255 253 255 255 255 255
160 160 160 160 160 160 160 160 147 124 104 110 137 160 163 156 133 116 108 125 151 151 118 84 81 81 81 79 76 72 69 67 67 67 66 65 65 64 63 63 62 63 64 65 66 68 69 69 65 66 67 68 69 70 71 72 69 69 69 69 69 69 69 69 65 66 67 68 69 70 71 72 73 73 73 73 73 73 73 73 73 73 73 73 73 73 73 73 72 72 72 72 72 72 72 72 72 72 72 72 72 72 72 72 73 73 74 76 77 78 79 80 79 80 81 82 83 84 85 86 52 57 113 206 255 255 255 255 246 246 245 244 243 243 242 242 255 255 255 254 246 242 244 247 239
160 160 160 160 160 160 160 160 157 127 107 125 164 179 154 121 117 132 149 152 136 110 85 71 73 75 78 79 78 74 70 67 69 69 68 66 64 62 61 61 61 61 62 64 65 66 67 68 65 66 67 68 69 70 71 72 69 69 69 69 69 69 69 69 65 66 67 68 69 70 71 72 71 71 71 71 71 71 71 71 71 71 71 71 71 71 71 71 72 72 72 72 72 72 72 72 72 72 72 72 72 72 72 72 71 72 73 74 75 77 78 78 79 80 81 82 83 84 85 86 80 75 106 169 210 211 207 215 224 222 220 217 214 211 208 207 184 177 179 201 234 255 255 247 255
160 160 160 160 160 160 160 160 156 134 121 136 164 169 140 108 144 160 165 141 100 76 81 97 75 76 78 78 77 75 72 70 71 70 69 66 64 61 60 59 59 60 61 62 64 65 66 66 65 66 67 68 69 70 71 72 69 69 69 69 69 69 69 69 65 66 67 68 69 70 71 72 70 70 70 70 70 70 70 70 70 70 70 70 70 70 70 70 72 72 72 72 72 72 72 72 72 72 72 72 72 72 72 72 70 70 71 73 74 75 76 77 79 80 81 82 83 84 85 86 92 78 83 112 133 129 121 122 82 81 79 77 74 72 70 69 89 82 93 137 195 231 231 217 209
160 160 160 160 160 160 160 160 141 142 143 141 138 134 131 130 162 156 138 110 84 76 86 100 82 81 80 78 76 75 74 74 73 72 69 67 63 61 58 57 58 59 60 61 63 64 65 65 65 66 67 68 69 70 71 72 69 69 69 69 69 69 69 69 65 66 67 68 69 70 71 72 69 69 69 69 69 69 69 69 69 69 69 69 69 69 69 69 72 72 72 72 72 72 72 72 72 72 72 72 72 72 72 72 69 69 70 72 73 74 75 76 79 80 81 82 83 84 85 86 89 78 81 106 128 131 126 125 165 166 167 169 171 173 174 175 191 181 175 181 189 180 152 127 132
160 160 160 160 160 160 160 160 127 148 159 141 111 102 128 158 152 129 102 90 91 92 85 75 88 85 81 77 75 75 76 77 74 72 70 67 63 60 58 56 58 58 59 61 62 63 64 65 65 66 67 68 69 70 71 72 69 69 69 69 69 69 69 69 65 66 67 68 69 70 71 72 68 68 68 68 68 68 68 68 68 68 68 68 68 68 68 68 72 72 72 72 72 72 72 72 72 72 72 72 72 72 72 72 68 69 70 71 73 74 75 75 79 80 81 82 83 84 85 86 97 96 114 153 191 210 214 215 215 217 222 228 234 240 245 247 240 246 255 255 255 253 234 220 227
152 150 152 160 167 163 147 132 137 115 105 119 135 142 151 164 93 92 91 90 89 88 87 86 79 78 77 76 75 73 72 72 77 76 73 70 67 64 61 60 56 56 57 58 58 59 59 59 65 66 67 68 69 71 72 72 72 72 72 72 72 72 72 72 60 61 62 64 66 68 70 70 69 69 69 69 69 69 69 69 69 69 69 69 69 69 69 69 72 72 72 72 72 72 72 72 74 73 72 70 68 66 64 64 65 65 66 68 69 70 71 72 79 80 82 85 87 90 92 93 95 87 122 195 233 220 212 225 243 242 241 240 239 237 236 236 231 233 237 242 247 252 255 255 255
147 155 158 150 137 134 145 158 161 124 101 114 135 136 127 122 93 92 91 90 89 88 87 86 79 79 78 77 75 74 73 72 77 75 73 70 67 65 62 61 58 58 58 58 59 59 59 59 64 65 66 67 68 70 71 71 71 71 71 71 71 71 71 71 62 63 63 64 65 66 66 67 68 68 68 68 68 68 68 68 68 68 68 68 68 68 68 68 71 71 71 71 71 71 71 71 72 72 71 69 67 66 64 64 65 66 67 68 70 71 72 72 79 80 82 85 87 90 92 93 73 75 121 201 244 237 229 241 229 228 227 226 225 223 222 222 255 255 255 255 245 236 229 225 227
146 161 164 140 109 108 145 183 153 110 83 99 125 123 101 84 93 92 91 90 89 88 87 86 80 80 79 78 76 75 74 73 76 75 74 71 69 66 65 64 60 60 60 60 59 59 59 59 62 63 64 65 66 68 69 69 69 69 69 69 69 69 69 69 66 65 65 64 63 62 62 61 67 67 67 67 67 67 67 67 67 67 67 67 67 67 67 67 69 69 69 69 69 69 69 69 70 69 69 68 66 65 65 64 66 67 68 69 71 72 73 73 79 80 82 85 87 90 92 93 74 81 126 196 232 223 213 220 243 243 242 241 239 238 237 237 201 194 182 166 149 133 121 115 84
151 163 163 139 112 113 148 184 111 81 67 86 107 105 90 82 93 92 91 90 89 88 87 86 82 81 80 79 78 76 75 75 76 75 74 72 70 69 67 67 63 63 62 61 60 59 59 58 59 60 61 62 64 65 66 66 66 66 66 66 66 66 66 66 67 67 65 63 61 59 58 57 66 66 66 66 66 66 66 66 66 66 66 66 66 66 66 66 66 66 66 66 66 66 66 66 67 67 66 66 66 65 65 65 68 68 69 71 72 73 74 75 79 80 82 85 87 90 92 93 85 86 108 144 155 137 125 128 72 71 70 69 67 66 65 65 72 69 63 56 48 41 36 33 34
159 159 156 147 139 140 151 162 91 80 81 94 97 89 90 100 93 92 91 90 89 88 87 86 83 83 82 80 79 78 77 76 75 75 74 73 72 71 71 70 67 66 65 63 61 60 58 58 57 57 58 59 61 62 63 64 64 64 64 64 64 64 64 64 66 65 64 62 60 58 56 56 64 64 64 64 64 64 64 64 64 64 64 64 64 64 64 64 64 64 64 64 64 64 64 64 63 63 64 64 64 65 65 65 69 70 71 72 73 75 76 76 79 80 82 85 87 90 92 93 91 83 79 78 65 46 38 42 51 50 49 48 47 45 44 44 36 37 40 43 46 50 52 54 62
160 153 149 154 161 161 150 139 113 107 108 110 98 83 89 108 93 92 91 90 89 88 87 86 85 84 83 82 80 79 78 78 75 75 74 74 74 74 74 73 70 69 67 65 62 60 58 57 54 54 55 57 58 59 60 61 61 61 61 61 61 61 61 61 62 61 61 60 59 58 58 57 63 63 63 63 63 63 63 63 63 63 63 63 63 63 63 63 61 61 61 61 61 61 61 61 60 61 61 62 64 65 65 66 71 71 72 73 75 76 77 78 79 80 82 85 87 90 92 93 109 101 86 67 48 38 40 47 47 47 46 44 43 42 41 40 54 55 59 63 67 72 75 77 59
152 148 147 154 163 160 145 131 136 117 105 105 98 86 88 101 93 92 91 90 89 88 87 86 86 85 84 83 81 80 79 79 74 74 75 75 75 76 76 76 72 71 69 66 63 60 58 57 52 52 53 55 56 57 58 59 59 59 59 59 59 59 59 59 56 57 57 58 59 60 60 61 62 62 62 62 62 62 62 62 62 62 62 62 62 62 62 62 59 59 59 59 59 59 59 59 58 58 59 61 63 64 66 66 72 72 73 74 76 77 78 79 79 80 82 85 87 90 92 93 110 112 104 85 68 65 72 79 72 72 71 70 68 67 66 66 60 60 60 61 61 62 62 63 74
144 145 148 152 153 149 140 133 137 105 82 86 95 92 88 91 93 92 91 90 89 88 87 86 86 86 85 83 82 81 80 79 74 74 75 75 76 77 77 77 74 72 70 67 63 60 58 57 51 51 52 54 55 56 57 58 58 58 58 58 58 58 58 58 53 53 55 57 59 61 62 63 61 61 61 61 61 61 61 61 61 61 61 61 61 61 61 61 58 58 58 58 58 58 58 58 56 57 58 60 62 64 66 66 72 73 74 75 76 78 79 79 79 80 82 85 87 90 92 93 84 94 95 79 65 64 70 73 67 66 65 64 63 61 60 60 68 67 67 65 64 63 62 61 61
149 151 146 141 152 165 155 132 109 104 97 90 85 85 87 89 89 89 88 87 85 84 83 83 82 82 81 80 78 77 76 76 72 72 72 72 72 72 72 72 69 69 69 69 69 69 69 69 61 60 58 56 53 50 48 47 51 51 51 51 51 51 51 51 51 51 51 51 51 51 51 51 59 59 59 59 59 59 59 59 51 51 51 51 51 51 51 51 51 51 52 54 55 56 57 58 65 66 67 68 69 70 71 72 72 73 74 75 76 77 78 79 80 82 85 88 90 89 88 87 104 112 102 74 58 65 73 72 78 67 55 51 54 56 52 46 49 54 58 60 62 70 84 95 84
151 154 148 143 152 163 151 127 104 100 94 89 86 87 89 91 89 89 88 87 85 84 83 83 82 82 81 80 78 77 76 76 72 72 72 72 72 72 72 72 69 69 69 69 69 69 69 69 62 61 59 56 54 51 49 48 51 51 51 51 51 51 51 51 51 51 51 51 51 51 51 51 56 56 56 56 56 56 56 56 51 51 51 51 51 51 51 51 51 52 53 54 56 57 58 58 65 66 67 68 69 70 71 72 72 73 74 75 76 77 78 79 80 82 85 88 90 89 88 87 83 106 120 117 119 137 150 151 124 100 71 56 60 74 85 90 117 124 132 136 138 143 153 162 171
155 157 151 144 151 159 144 119 95 93 91 88 88 90 92 94 89 89 88 87 85 84 83 83 82 82 81 80 78 77 76 76 72 72 72 72 72 72 72 72 69 69 69 69 69 69 69 69 63 62 60 57 55 52 50 49 51 51 51 51 51 51 51 51 51 51 51 51 51 51 51 51 51 51 51 51 51 51 51 51 51 51 51 51 51 51 51 51 52 53 54 55 57 58 59 59 65 66 67 68 69 70 71 72 72 73 74 75 76 77 78 79 80 82 85 88 90 89 88 87 72 114 157 179 196 218 231 230 181 141 91 63 70 99 128 144 177 188 200 207 209 210 214 219 220
156 159 153 146 151 156 138 110 87 87 87 88 90 92 94 96 89 89 88 87 85 84 83 83 82 82 81 80 78 77 76 76 72 72 72 72 72 72 72 72 69 69 69 69 69 69 69 69 64 63 61 59 56 53 51 50 51 51 51 51 51 51 51 51 51 51 51 51 51 51 51 51 48 48 48 48 48 48 48 48 51 51 51 51 51 51 51 51 54 54 55 57 58 59 60 61 65 66 67 68 69 70 71 72 72 73 74 75 76 77 78 79 80 82 85 88 90 89 88 87 75 133 195 229 246 255 255 255 214 164 102 69 79 116 152 172 185 198 215 225 226 223 222 223 213
