147 146 142 132 113 89 67 53 43 43 45 47 49 51 52 53 44 44 43 41 40 39 38 37 34 34 34 34 34 34 34 34 34 34 34 34 34 34 34 34 30 30 30 30 30 30 30 30 30 30 30 30 30 30 30 30 30 30 30 30 30 30 30 30 27 27 27 27 27 27 27 27 27 27 27 27 27 27 27 27 26 26 26 26 26 26 26 26 30 31 32 33 34 35 36 37 44 45 46 47 48 50 51 51 44 45 46 47 48 49 50 51 55 55 56 57 59 60 61 61 63 63 69 94 146 207 248 255 248 249 252 255 255 255 254 247 254 254 254 254 254 254 254 254 254
145 143 136 123 103 79 58 46 43 43 45 46 48 50 51 51 44 43 42 41 39 38 37 37 34 34 34 34 34 34 34 34 34 34 34 34 34 34 34 34 30 30 30 30 30 30 30 30 30 30 30 30 30 30 30 30 30 30 30 30 30 30 30 30 27 27 27 27 27 27 27 27 27 27 27 27 27 27 27 27 27 27 27 27 27 27 27 27 30 31 32 33 34 35 36 37 44 44 45 46 48 49 50 51 44 45 46 47 48 49 50 51 55 55 56 57 59 60 61 61 70 66 64 76 113 169 220 249 253 253 254 255 255 255 254 250 254 254 254 254 254 254 254 254 254
146 140 128 110 88 66 48 38 43 44 44 45 47 48 48 49 43 42 41 40 38 37 36 36 34 34 34 34 34 34 34 34 34 34 34 34 34 34 34 34 30 30 30 30 30 30 30 30 30 30 30 30 30 30 30 30 30 30 30 30 30 30 30 30 27 27 27 27 27 27 27 27 27 27 27 27 27 27 27 27 28 28 28 28 28 28 28 28 30 31 32 33 34 35 36 37 43 43 44 45 47 48 49 50 44 45 46 47 48 49 50 51 55 55 56 57 59 60 61 61 75 69 62 61 78 122 183 228 255 255 255 255 255 255 255 255 254 254 254 254 254 254 254 254 254
150 140 122 100 77 57 43 36 44 44 44 45 45 45 46 46 41 41 40 38 37 36 35 34 34 34 34 34 34 34 34 34 34 34 34 34 34 34 34 34 30 30 30 30 30 30 30 30 30 30 30 30 30 30 30 30 30 30 30 30 30 30 30 30 27 27 27 27 27 27 27 27 27 27 27 27 27 27 27 27 29 29 29 29 29 29 29 29 30 31 32 33 34 35 36 37 41 42 43 44 45 47 48 48 44 45 46 47 48 49 50 51 55 55 56 57 59 60 61 61 72 69 68 67 68 94 154 210 255 255 255 255 253 252 255 255 254 254 254 254 254 254 254 254 254
155 141 117 90 68 52 44 40 44 44 44 43 43 43 42 42 40 39 38 37 36 34 33 33 34 34 34 34 34 34 34 34 34 34 34 34 34 34 34 34 30 30 30 30 30 30 30 30 30 30 30 30 30 30 30 30 30 30 30 30 30 30 30 30 27 27 27 27 27 27 27 27 27 27 27 27 27 27 27 27 31 31 31 31 31 31 31 31 30 31 32 33 34 35 36 37 40 40 41 43 44 45 46 47 44 45 46 47 48 49 50 51 55 55 56 57 59 60 61 61 64 66 77 86 81 88 136 192 243 251 255 255 251 249 255 255 254 254 254 254 254 254 254 254 254
153 136 108 79 57 46 44 45 45 44 44 43 41 40 40 39 38 38 37 36 34 33 32 31 34 34 34 34 34 34 34 34 34 34 34 34 34 34 34 34 30 30 30 30 30 30 30 30 30 30 30 30 30 30 30 30 30 30 30 30 30 30 30 30 27 27 27 27 27 27 27 27 27 27 27 27 27 27 27 27 32 32 32 32 32 32 32 32 30 31 32 33 34 35 36 37 38 39 40 41 43 44 45 45 44 45 46 47 48 49 50 51 55 55 56 57 59 60 61 61 61 60 77 96 90 83 117 168 223 238 254 255 251 247 252 255 254 254 254 254 254 254 254 254 254
145 126 95 65 45 38 41 45 45 45 43 42 40 38 37 37 37 37 36 35 33 32 31 30 34 34 34 34 34 34 34 34 34 34 34 34 34 34 34 34 30 30 30 30 30 30 30 30 30 30 30 30 30 30 30 30 30 30 30 30 30 30 30 30 27 27 27 27 27 27 27 27 27 27 27 27 27 27 27 27 33 33 33 33 33 33 33 33 30 31 32 33 34 35 36 37 37 38 39 40 42 43 44 44 44 45 46 47 48 49 50 51 55 55 56 57 59 60 61 61 68 56 65 87 82 68 93 140 202 225 250 255 253 246 250 255 254 254 254 254 254 254 254 254 254
137 117 85 54 35 32 37 44 45 45 43 41 39 37 36 35 37 36 35 34 33 31 30 30 34 34 34 34 34 34 34 34 34 34 34 34 34 34 34 34 30 30 30 30 30 30 30 30 30 30 30 30 30 30 30 30 30 30 30 30 30 30 30 30 27 27 27 27 27 27 27 27 27 27 27 27 27 27 27 27 34 34 34 34 34 34 34 34 30 31 32 33 34 35 36 37 37 37 38 40 41 42 43 44 44 45 46 47 48 49 50 51 55 55 56 57 59 60 61 61 77 53 52 73 69 52 74 119 188 216 247 255 254 246 248 255 254 254 254 254 254 254 254 254 254
134 94 49 29 36 46 43 35 49 48 45 42 39 36 33 32 34 34 34 34 34 34 34 34 27 27 28 29 31 32 33 33 34 34 34 34 34 34 34 34 30 30 30 30 30 30 30 30 30 30 30 30 30 30 30 30 26 26 26 26 26 26 26 26 34 34 34 34 34 34 34 34 30 30 31 33 34 35 36 37 37 36 35 34 33 31 30 30 30 30 30 30 30 30 30 30 37 38 39 40 41 42 43 44 44 45 46 47 48 49 50 51 55 55 56 57 59 60 61 61 59 64 70 76 79 78 76 73 114 173 242 255 255 244 245 255 255 255 255 255 255 255 255 255 254
123 88 47 30 38 48 46 37 48 47 44 42 39 36 34 32 34 34 34 34 34 34 34 34 27 27 28 29 31 32 33 33 34 34 34 34 34 34 34 34 30 30 30 30 30 30 30 30 30 30 30 30 30 30 30 30 27 27 27 27 27 27 27 27 34 34 34 34 34 34 34 34 30 31 32 33 35 36 37 37 37 37 36 35 33 32 31 30 30 30 30 30 30 30 30 30 37 38 39 40 41 42 43 44 44 45 46 47 48 49 50 51 55 55 56 57 59 60 61 61 60 64 70 75 78 78 76 74 99 134 185 229 254 255 253 248 250 250 250 250 251 251 251 251 255
106 77 45 33 41 50 48 41 45 44 43 40 38 35 34 33 34 34 34 34 34 34 34 34 27 27 28 29 31 32 33 33 34 34 34 34 34 34 34 34 30 30 30 30 30 30 30 30 30 30 30 30 30 30 30 30 28 28 28 28 28 28 28 28 34 34 34 34 34 34 34 34 31 32 33 34 36 37 38 38 38 38 37 36 34 33 32 31 31 31 31 31 31 31 31 31 37 38 39 40 41 42 43 44 44 45 46 47 48 49 50 51 55 55 56 57 59 60 61 61 62 65 69 74 77 77 77 76 85 87 110 164 226 255 255 245 251 251 251 251 251 251 250 250 248
86 65 43 36 44 52 50 43 42 42 40 39 37 35 34 33 34 34 34 34 34 34 34 34 27 27 28 29 31 32 33 33 34 34 34 34 34 34 34 34 30 30 30 30 30 30 30 30 30 30 30 30 30 30 30 30 29 29 29 29 29 29 29 29 34 34 34 34 34 34 34 34 33 33 34 36 37 38 39 40 40 39 38 37 36 34 33 33 33 33 33 33 33 33 33 33 37 38 39 40 41 42 43 44 44 45 46 47 48 49 50 51 55 55 56 57 59 60 61 61 64 66 69 72 75 76 77 78 83 66 66 106 174 231 254 254 255 255 255 255 255 255 255 255 248
67 55 42 41 48 52 49 43 39 38 38 37 36 35 34 34 34 34 34 34 34 34 34 34 27 27 28 29 31 32 33 33 34 34 34 34 34 34 34 34 30 30 30 30 30 30 30 30 30 30 30 30 30 30 30 30 31 31 31 31 31 31 31 31 34 34 34 34 34 34 34 34 34 35 36 37 38 40 41 41 41 41 40 38 37 36 35 34 34 34 34 34 34 34 34 34 37 38 39 40 41 42 43 44 44 45 46 47 48 49 50 51 55 55 56 57 59 60 61 61 66 67 68 69 72 75 78 80 90 74 62 74 116 174 228 255 255 255 255 254 252 250 249 248 255
53 48 44 45 50 51 45 39 36 35 35 35 35 35 34 34 34 34 34 34 34 34 34 34 27 27 28 29 31 32 33 33 34 34 34 34 34 34 34 34 30 30 30 30 30 30 30 30 30 30 30 30 30 30 30 30 32 32 32 32 32 32 32 32 34 34 34 34 34 34 34 34 36 36 37 38 40 41 42 43 43 42 41 40 38 37 36 36 36 36 36 36 36 36 36 36 37 38 39 40 41 42 43 44 44 45 46 47 48 49 50 51 55 55 56 57 59 60 61 61 68 67 67 67 70 75 79 82 94 90 79 67 75 119 186 238 245 244 242 240 237 235 233 232 234
45 45 46 49 51 48 40 34 33 33 33 34 34 34 35 35 34 34 34 34 34 34 34 34 27 27 28 29 31 32 33 33 34 34 34 34 34 34 34 34 30 30 30 30 30 30 30 30 30 30 30 30 30 30 30 30 33 33 33 33 33 33 33 33 34 34 34 34 34 34 34 34 37 37 38 39 41 42 43 44 44 43 42 41 39 38 37 37 37 37 37 37 37 37 37 37 37 38 39 40 41 42 43 44 44 45 46 47 48 49 50 51 55 55 56 57 59 60 61 61 70 68 66 66 69 74 80 84 88 95 92 73 62 86 144 194 240 239 236 234 231 228 225 224 218
41 43 48 52 52 46 37 30 32 32 32 33 34 34 35 35 34 34 34 34 34 34 34 34 27 27 28 29 31 32 33 33 34 34 34 34 34 34 34 34 30 30 30 30 30 30 30 30 30 30 30 30 30 30 30 30 34 34 34 34 34 34 34 34 34 34 34 34 34 34 34 34 37 38 39 40 41 43 44 44 44 44 43 41 40 39 38 37 37 37 37 37 37 37 37 37 37 38 39 40 41 42 43 44 44 45 46 47 48 49 50 51 55 55 56 57 59 60 61 61 71 68 66 65 68 74 80 85 79 92 96 80 64 75 118 157 245 243 241 238 234 231 229 227 233
51 50 48 46 43 40 38 37 34 34 34 34 34 34 34 34 30 31 32 33 34 35 36 37 30 30 31 33 34 35 36 37 33 33 33 33 33 33 33 33 30 30 31 33 34 35 36 37 37 37 37 37 37 37 37 37 40 40 39 38 36 35 34 34 30 30 31 33 34 35 36 37 37 40 43 46 47 47 46 44 44 43 42 41 40 38 37 37 33 34 35 36 37 39 40 40 43 42 39 37 37 39 42 43 48 48 49 50 52 53 54 54 55 55 56 57 59 60 61 61 65 66 67 68 69 70 71 72 76 76 76 78 81 87 92 95 178 243 255 248 233 255 255 245 254
51 49 48 45 42 40 38 37 34 34 34 34 34 34 34 34 30 31 32 33 34 35 36 37 30 31 32 33 35 36 37 37 34 34 34 34 34 34 34 34 30 31 32 33 35 36 37 37 37 37 37 37 37 37 37 37 40 40 39 38 36 35 34 34 30 31 32 33 35 36 37 37 38 40 44 47 48 48 46 45 44 44 43 42 40 39 38 37 34 35 36 37 39 40 41 41 44 42 40 38 38 40 42 44 48 48 49 50 52 53 54 54 55 55 56 57 59 60 61 61 65 66 67 68 69 70 71 72 80 81 82 83 83 84 84 84 128 195 250 253 246 255 255 255 254
49 48 46 44 41 39 37 36 34 34 34 34 34 34 34 34 30 31 32 33 34 35 36 37 31 32 33 34 36 37 38 38 35 35 35 35 35 35 35 35 31 32 33 34 36 37 38 38 38 38 38 38 38 38 38 38 40 40 39 38 36 35 34 34 31 32 33 34 36 37 38 38 39 41 45 48 49 49 47 46 45 45 44 43 41 40 39 38 36 37 38 39 41 42 43 43 45 43 41 39 39 41 43 45 48 48 49 50 52 53 54 54 55 55 56 57 59 60 61 61 65 66 67 68 69 70 71 72 81 83 87 89 87 83 77 73 72 128 199 244 255 255 255 255 254
48 47 45 43 40 37 35 34 34 34 34 34 34 34 34 34 30 31 32 33 34 35 36 37 33 33 34 36 37 38 39 40 36 36 36 36 36 36 36 36 33 33 34 36 37 38 39 40 40 40 40 40 40 40 40 40 40 40 39 38 36 35 34 34 33 33 34 36 37 38 39 40 40 43 46 49 50 50 49 47 47 46 45 44 43 41 40 40 39 40 41 42 43 45 46 46 46 44 42 40 40 42 44 46 48 48 49 50 52 53 54 54 55 55 56 57 59 60 61 61 65 66 67 68 69 70 71 72 74 79 87 92 91 86 78 73 55 76 133 206 250 255 254 255 254
47 46 44 41 38 36 34 33 34 34 34 34 34 34 34 34 30 31 32 33 34 35 36 37 34 35 36 37 38 40 41 41 38 38 38 38 38 38 38 38 34 35 36 37 38 40 41 41 41 41 41 41 41 41 41 41 40 40 39 38 36 35 34 34 34 35 36 37 38 40 41 41 42 44 47 50 52 51 50 49 48 48 47 45 44 43 42 41 42 42 43 45 46 47 48 49 48 46 44 42 42 44 46 48 48 48 49 50 52 53 54 54 55 55 56 57 59 60 61 61 65 66 67 68 69 70 71 72 66 72 82 90 93 90 85 81 75 58 77 147 220 252 251 245 254
45 44 42 40 37 35 33 32 34 34 34 34 34 34 34 34 30 31 32 33 34 35 36 37 36 36 37 38 40 41 42 43 39 39 39 39 39 39 39 39 36 36 37 38 40 41 42 43 43 43 43 43 43 43 43 43 40 40 39 38 36 35 34 34 36 36 37 38 40 41 42 43 43 45 49 52 53 53 51 50 50 49 48 47 45 44 43 43 45 45 46 47 49 50 51 52 49 47 45 43 43 45 47 49 48 48 49 50 52 53 54 54 55 55 56 57 59 60 61 61 65 66 67 68 69 70 71 72 66 71 79 86 90 91 89 88 95 66 54 96 176 238 251 237 254
44 43 41 39 36 33 32 30 34 34 34 34 34 34 34 34 30 31 32 33 34 35 36 37 37 37 38 39 41 42 43 44 40 40 40 40 40 40 40 40 37 37 38 39 41 42 43 44 44 44 44 44 44 44 44 44 40 40 39 38 36 35 34 34 37 37 38 39 41 42 43 44 44 46 50 53 54 54 52 51 51 50 49 48 46 45 44 44 47 47 48 49 51 52 53 54 50 48 46 44 44 46 48 50 48 48 49 50 52 53 54 54 55 55 56 57 59 60 61 61 65 66 67 68 69 70 71 72 77 78 80 82 84 85 86 87 93 84 64 70 134 218 251 239 254
44 43 41 38 35 33 31 30 34 34 34 34 34 34 34 34 30 31 32 33 34 35 36 37 37 38 39 40 41 43 44 44 41 41 41 41 41 41 41 41 37 38 39 40 41 43 44 44 44 44 44 44 44 44 44 44 40 40 39 38 36 35 34 34 37 38 39 40 41 43 44 44 45 47 50 53 55 54 53 52 51 51 50 48 47 46 45 44 48 48 49 51 52 53 54 55 51 49 46 45 45 46 49 51 48 48 49 50 52 53 54 54 55 55 56 57 59 60 61 61 65 66 67 68 69 70 71 72 88 86 83 80 79 80 82 83 80 96 82 63 109 202 252 245 254
34 34 34 34 34 34 34 34 37 37 37 37 37 37 37 37 37 37 37 37 37 37 37 37 41 41 41 41 41 41 41 41 38 40 43 46 48 47 46 45 40 41 42 43 44 46 47 47 47 47 46 45 43 42 41 40 40 40 40 40 40 40 40 40 45 45 45 44 43 43 42 42 47 48 49 50 51 53 54 54 51 51 51 51 51 51 51 51 57 55 53 51 51 53 55 57 58 57 56 55 54 52 51 51 55 55 55 55 55 55 55 55 58 59 60 61 62 63 64 65 65 65 66 68 69 70 71 72 76 77 79 81 84 86 88 89 70 96 89 57 76 158 232 255 255
34 34 34 34 34 34 34 34 37 37 37 37 37 37 37 37 37 37 37 37 37 37 37 37 41 41 41 41 41 41 41 41 38 40 43 46 48 47 46 45 41 42 43 44 46 47 48 48 48 47 46 45 44 42 41 41 41 41 41 41 41 41 41 41 46 46 45 45 45 44 44 44 49 49 50 52 53 54 55 56 52 52 52 52 52 52 52 52 58 57 54 52 52 54 57 58 59 58 57 56 55 53 52 52 55 55 55 55 55 55 55 55 58 59 60 61 62 63 64 65 65 66 67 68 70 71 72 72 76 77 79 81 84 86 88 89 83 97 92 70 75 130 199 240 250
34 34 34 34 34 34 34 34 37 37 37 37 37 37 37 37 37 37 37 37 37 37 37 37 41 41 41 41 41 41 41 41 38 40 43 46 48 47 46 45 43 44 45 46 48 49 50 50 49 48 47 46 45 43 42 42 42 42 42 42 42 42 42 42 46 46 47 47 47 47 47 47 52 52 53 55 56 57 58 59 55 55 55 55 55 55 55 55 60 59 56 54 54 56 59 60 61 60 59 58 57 55 54 54 55 55 55 55 55 55 55 55 58 59 60 61 62 63 64 65 66 67 68 69 71 72 73 73 76 77 79 81 84 86 88 89 96 94 93 88 77 92 152 215 242
34 34 34 34 34 34 34 34 37 37 37 37 37 37 37 37 37 37 37 37 37 37 37 37 41 41 41 41 41 41 41 41 38 40 43 46 48 47 46 45 46 47 48 49 50 52 53 53 50 50 49 47 46 45 44 43 43 43 43 43 43 43 43 43 47 47 48 49 50 51 52 52 56 56 57 59 60 61 62 63 59 59 59 59 59 59 59 59 63 61 59 57 57 59 61 63 64 63 62 61 59 58 57 57 55 55 55 55 55 55 55 55 58 59 60 61 62 63 64 65 68 68 69 71 72 73 74 75 76 77 79 81 84 86 88 89 100 85 91 104 84 66 115 192 238
34 34 34 34 34 34 34 34 37 37 37 37 37 37 37 37 37 37 37 37 37 37 37 37 41 41 41 41 41 41 41 41 38 40 43 46 48 47 46 45 49 49 50 52 53 54 55 56 52 51 50 49 48 46 45 45 45 45 45 45 45 45 45 45 48 49 50 52 53 55 56 57 60 61 62 63 64 66 67 67 64 64 64 64 64 64 64 64 66 64 62 60 60 62 64 66 66 66 65 64 62 61 60 59 55 55 55 55 55 55 55 55 58 59 60 61 62 63 64 65 69 70 71 72 73 75 76 76 76 77 79 81 84 86 88 89 97 77 88 113 94 63 98 171 232
34 34 34 34 34 34 34 34 37 37 37 37 37 37 37 37 37 37 37 37 37 37 37 37 41 41 41 41 41 41 41 41 38 40 43 46 48 47 46 45 52 52 53 54 56 57 58 59 53 53 52 50 49 48 47 46 46 46 46 46 46 46 46 46 49 50 52 54 56 59 60 61 64 65 66 67 68 70 71 71 68 68 68 68 68 68 68 68 69 67 64 63 63 64 67 69 69 69 68 66 65 64 63 62 55 55 55 55 55 55 55 55 58 59 60 61 62 63 64 65 71 71 72 73 75 76 77 78 76 77 79 81 84 86 88 89 94 79 90 116 106 78 97 146 214
34 34 34 34 34 34 34 34 37 37 37 37 37 37 37 37 37 37 37 37 37 37 37 37 41 41 41 41 41 41 41 41 38 40 43 46 48 47 46 45 54 54 55 56 58 59 60 61 54 54 53 51 50 49 48 47 47 47 47 47 47 47 47 47 49 51 53 56 59 62 64 65 67 68 69 70 71 73 74 74 71 71 71 71 71 71 71 71 71 69 66 65 65 66 69 71 71 71 70 68 67 66 65 64 55 55 55 55 55 55 55 55 58 59 60 61 62 63 64 65 72 72 73 74 76 77 78 79 76 77 79 81 84 86 88 89 99 91 98 116 115 99 101 119 185
34 34 34 34 34 34 34 34 37 37 37 37 37 37 37 37 37 37 37 37 37 37 37 37 41 41 41 41 41 41 41 41 38 40 43 46 48 47 46 45 55 55 56 58 59 60 61 62 55 54 53 52 50 49 48 48 48 48 48 48 48 48 48 48 50 51 53 57 60 63 66 67 69 69 70 72 73 74 75 76 72 72 72 72 72 72 72 72 72 70 68 66 66 68 70 72 72 72 71 69 68 67 66 65 55 55 55 55 55 55 55 55 58 59 60 61 62 63 64 65 72 73 74 75 76 78 79 79 76 77 79 81 84 86 88 89 104 102 106 115 119 113 104 99 163
37 37 37 37 37 37 37 37 41 41 41 41 41 41 41 41 42 42 42 41 40 40 39 39 44 43 42 41 40 38 37 37 44 45 47 49 52 55 57 58 61 61 60 59 57 56 55 55 47 48 49 50 52 53 54 54 47 48 49 50 51 53 54 54 58 59 61 63 66 69 71 72 75 75 75 75 75 75 75 75 72 71 70 69 68 66 65 65 68 68 68 68 68 68 68 68 72 71 70 69 68 67 66 65 63 63 62 62 61 60 60 60 61 62 63 64 66 67 68 68 72 72 73 75 76 77 78 79 86 86 86 86 86 86 86 86 88 94 101 103 105 111 122 131 173
37 37 37 37 37 37 37 37 41 41 41 41 41 41 41 41 40 40 40 40 39 39 39 39 45 44 43 42 41 39 38 38 44 46 47 50 53 55 57 58 61 61 60 59 57 56 55 55 48 48 49 51 52 53 54 55 48 49 50 51 53 54 55 55 58 60 61 64 67 69 71 72 76 76 76 76 76 76 76 76 72 72 71 70 68 67 66 65 69 69 69 69 69 69 69 69 72 71 70 69 68 67 66 65 63 63 62 62 62 61 61 61 62 62 63 65 66 67 68 69 72 73 74 75 77 78 79 79 86 86 86 86 86 86 86 86 88 94 101 103 105 111 122 131 177
38 38 38 38 38 38 38 38 41 41 41 41 41 41 41 41 38 38 38 38 38 39 39 39 47 46 45 44 43 41 40 40 46 47 49 51 54 56 58 59 61 61 60 59 57 56 55 55 49 49 50 52 53 54 55 56 50 51 52 53 55 56 57 57 60 61 63 65 68 70 72 73 77 77 77 77 77 77 77 77 73 73 72 71 69 68 67 66 70 70 70 70 70 70 70 70 72 71 70 69 68 67 66 65 62 62 63 63 63 63 63 64 63 63 64 66 67 68 69 70 73 74 75 76 78 79 80 80 87 87 87 87 87 87 87 87 88 94 101 103 105 111 122 131 175
40 40 40 40 40 40 40 40 41 41 41 41 41 41 41 41 36 36 37 38 39 40 41 41 50 49 48 47 45 44 43 43 47 48 50 52 55 58 60 61 61 61 60 59 57 56 55 55 50 51 52 53 54 56 57 57 53 54 55 56 57 59 60 60 61 62 64 66 69 72 74 75 78 78 78 78 78 78 78 78 75 74 73 72 71 69 68 68 71 71 71 71 71 71 71 71 72 71 70 69 68 67 66 65 62 62 63 64 65 66 66 67 64 65 66 67 68 70 71 71 75 75 76 78 79 80 81 82 89 89 89 89 89 89 89 89 88 94 101 103 105 111 122 131 170
41 41 41 41 41 41 41 41 41 41 41 41 41 41 41 41 37 38 39 40 42 44 45 46 52 52 51 50 48 47 46 45 48 49 51 54 57 59 61 62 61 61 60 59 57 56 55 55 52 52 53 55 56 57 58 59 56 56 57 59 60 61 62 63 62 63 65 68 71 73 75 76 80 80 80 80 80 80 80 80 76 76 75 73 72 71 70 69 73 73 73 73 73 73 73 73 72 71 70 69 68 67 66 65 61 62 63 65 67 68 70 70 66 66 67 69 70 71 72 73 76 77 78 79 80 82 83 83 90 90 90 90 90 90 90 90 88 94 101 103 105 111 122 131 176
43 43 43 43 43 43 43 43 41 41 41 41 41 41 41 41 40 41 43 45 48 50 52 53 55 55 54 52 51 50 49 48 50 51 53 55 58 60 62 63 61 61 60 59 57 56 55 55 53 54 55 56 57 59 60 60 59 59 60 61 63 64 65 66 64 65 67 69 72 74 76 77 81 81 81 81 81 81 81 81 78 77 76 75 73 72 71 71 74 74 74 74 74 74 74 74 72 71 70 69 68 67 66 65 61 62 63 66 68 71 72 73 67 68 69 70 71 73 74 74 78 78 79 80 82 83 84 85 92 92 92 92 92 92 92 92 88 94 101 103 105 111 122 131 187
44 44 44 44 44 44 44 44 41 41 41 41 41 41 41 41 44 45 47 50 53 56 58 60 57 57 56 54 53 52 51 50 51 52 54 56 59 62 63 65 61 61 60 59 57 56 55 55 54 55 56 57 58 60 61 61 61 61 62 63 65 66 67 68 65 66 68 70 73 76 77 79 82 82 82 82 82 82 82 82 79 78 77 76 74 73 72 72 75 75 75 75 75 75 75 75 72 71 70 69 68 67 66 65 60 62 64 67 70 72 75 76 68 69 70 71 72 74 75 75 79 79 80 81 83 84 85 86 93 93 93 93 93 93 93 93 88 94 101 103 105 111 122 131 185
44 44 44 44 44 44 44 44 41 41 41 41 41 41 41 41 47 48 51 54 57 60 63 64 58 58 57 55 54 53 52 51 51 52 54 57 60 62 64 65 61 61 60 59 57 56 55 55 55 55 56 57 59 60 61 62 62 62 63 65 66 67 68 69 65 66 68 71 74 76 78 79 83 83 83 83 83 83 83 83 79 79 78 76 75 74 73 72 76 76 76 76 76 76 76 76 72 71 70 69 68 67 66 65 60 61 64 67 70 73 76 77 69 69 70 71 73 74 75 76 79 80 81 82 83 85 86 86 93 93 93 93 93 93 93 93 88 94 101 103 105 111 122 131 173
49 48 47 45 43 41 40 39 42 42 43 43 44 45 45 45 40 44 49 54 58 61 61 61 59 58 57 55 53 51 50 49 56 57 60 63 66 70 72 73 66 65 64 62 60 58 57 56 61 61 61 61 61 61 61 61 61 62 63 64 65 67 68 68 72 72 73 75 76 77 78 79 82 82 82 82 82 82 82 82 84 83 82 80 78 76 74 74 70 71 72 74 76 78 79 80 79 78 77 76 74 73 72 72 66 67 69 71 73 74 76 77 75 76 77 78 79 81 82 82 74 75 77 81 84 87 89 91 91 93 96 99 100 98 97 95 93 93 94 98 106 117 127 134 174
49 48 47 45 44 42 41 40 43 43 44 45 46 47 47 48 48 51 55 59 62 62 62 61 58 58 57 56 55 55 54 54 58 59 61 64 67 70 72 74 67 66 65 64 62 60 59 58 63 63 63 63 63 63 63 63 63 63 64 66 67 68 69 70 73 73 74 76 77 78 79 80 83 83 83 83 83 83 83 83 84 83 82 81 79 77 76 76 72 73 74 76 78 79 80 81 80 80 79 77 76 75 74 73 69 70 71 72 74 76 77 78 76 77 78 79 81 82 83 83 76 77 79 82 85 88 90 91 92 94 97 100 101 100 98 97 95 94 95 97 103 112 120 125 175
48 48 47 46 45 44 43 43 44 45 46 48 49 51 52 52 60 62 65 67 67 66 63 62 57 57 58 58 59 60 61 61 62 63 64 67 69 71 73 74 69 68 67 66 65 64 63 63 66 66 66 66 66 66 66 66 66 66 67 69 70 71 72 73 75 75 76 78 79 80 81 82 84 84 84 84 84 84 84 84 85 84 83 82 81 80 79 79 77 77 78 79 80 81 82 83 83 83 82 81 79 78 77 76 73 74 75 76 77 78 79 79 78 79 80 81 83 84 85 85 79 80 82 84 87 89 91 92 92 95 98 102 103 103 102 101 99 98 97 97 100 104 109 111 170
48 48 47 47 47 46 46 46 46 47 49 51 53 56 57 58 72 73 74 74 73 69 66 63 58 58 60 62 64 66 67 68 66 67 68 70 71 73 74 75 71 71 70 70 70 69 69 69 70 70 70 70 70 70 70 70 70 70 71 73 74 75 76 77 78 78 79 80 82 83 84 85 85 85 85 85 85 85 85 85 86 85 85 85 84 84 84 84 83 83 83 84 84 84 85 85 87 87 86 85 83 82 81 80 79 79 80 80 81 81 81 81 81 82 83 84 85 87 88 88 84 84 86 87 89 91 92 93 93 96 100 104 106 107 106 105 103 102 100 99 98 98 98 98 157
47 47 48 48 48 49 49 49 49 50 52 55 58 61 63 65 78 79 79 79 76 72 68 66 62 63 64 66 68 70 72 72 71 71 72 73 74 75 76 76 73 73 74 74 74 75 75 75 74 74 74 74 74 74 74 74 74 75 76 77 78 80 81 81 80 81 82 83 85 86 87 87 87 87 87 87 87 87 87 87 86 87 87 87 88 88 88 88 89 89 89 88 88 88 87 87 92 91 90 89 87 86 85 85 86 86 85 85 84 84 84 84 84 84 85 87 88 89 90 91 88 89 90 90 91 92 93 93 94 97 102 106 109 111 110 110 106 106 105 102 99 95 92 90 141
47 47 48 49 50 51 52 52 51 52 55 59 63 66 69 70 78 79 80 80 78 75 71 68 69 69 70 71 72 72 73 73 76 76 76 76 76 76 77 77 75 76 77 78 79 80 81 81 78 78 78 78 78 78 78 78 78 79 80 81 82 84 85 85 83 84 85 86 87 89 90 90 88 88 88 88 88 88 88 88 87 88 89 90 91 92 93 93 95 95 94 93 92 91 90 89 96 95 94 93 91 90 89 89 92 91 90 89 88 87 86 86 87 87 88 89 91 92 93 94 93 93 93 94 94 94 94 94 95 98 103 109 113 114 115 114 109 110 109 107 103 97 91 88 128
46 47 48 50 51 53 54 55 53 54 57 62 66 70 73 75 75 77 78 79 79 76 73 71 76 76 75 75 74 73 72 72 79 79 79 78 78 78 77 77 77 78 79 80 82 84 85 86 81 81 81 81 81 81 81 81 81 82 83 84 85 87 88 88 85 86 87 88 89 91 92 92 89 89 89 89 89 89 89 89 88 89 90 91 93 95 96 96 100 99 98 96 94 93 92 91 99 98 97 96 95 93 92 92 96 95 94 93 91 89 88 87 89 89 90 91 93 94 95 96 97 96 96 96 96 95 95 95 96 99 105 110 115 117 118 118 111 112 113 112 108 101 94 90 123
46 47 48 50 52 54 55 56 53 55 59 63 68 72 76 77 72 74 76 78 78 77 74 73 81 80 79 77 75 73 72 71 81 81 80 80 79 78 78 78 78 79 80 82 84 86 87 88 83 83 83 83 83 83 83 83 83 83 84 86 87 88 89 90 86 87 88 89 90 92 93 93 90 90 90 90 90 90 90 90 88 89 90 92 94 96 98 98 102 101 100 98 96 94 93 92 100 100 99 98 96 95 94 93 99 98 96 94 92 91 89 88 90 90 91 93 94 95 96 97 98 98 98 97 96 96 95 95 96 99 105 111 116 119 120 120 112 114 116 115 111 104 97 92 124
49 52 56 60 62 62 61 60 60 64 70 76 81 83 84 84 89 89 88 87 85 84 83 83 82 81 80 79 78 76 75 75 75 75 76 78 79 80 81 82 89 89 89 89 89 89 89 89 86 86 87 88 90 91 92 93 94 94 93 93 92 91 91 91 89 90 91 92 93 95 96 96 93 93 93 93 93 93 93 93 96 96 96 96 96 96 96 96 104 103 102 101 99 98 97 97 94 95 96 97 95 92 89 87 93 93 93 93 93 93 93 93 90 90 90 90 90 90 90 90 93 94 95 96 97 98 99 100 101 104 109 115 119 121 121 121 121 108 99 104 114 112 93 74 105
50 52 57 61 63 63 63 62 62 66 71 77 81 84 85 85 89 89 88 87 85 84 83 83 84 84 83 82 80 79 78 77 77 78 79 80 82 83 84 84 90 90 90 90 90 90 90 90 87 88 89 90 92 93 94 94 96 96 95 95 95 94 94 94 90 91 92 93 95 96 97 97 94 94 94 94 94 94 94 94 97 97 97 97 97 97 97 97 103 103 102 100 99 98 97 96 93 94 96 96 95 92 88 86 92 92 92 92 92 92 92 92 89 89 89 89 89 89 89 89 93 94 95 96 97 98 99 100 101 104 110 115 119 122 122 122 121 109 101 105 114 112 95 78 94
50 53 58 62 65 66 66 65 66 69 74 79 83 85 85 85 89 89 88 87 85 84 83 83 88 87 86 85 83 82 81 81 81 81 82 83 85 86 87 88 92 92 92 92 92 92 92 92 90 90 91 93 94 95 96 97 98 98 98 98 98 99 99 99 92 93 94 95 97 98 99 99 96 96 96 96 96 96 96 96 98 98 98 98 98 98 98 98 102 102 101 99 98 97 96 95 92 93 95 95 94 91 87 85 90 90 90 90 90 90 90 90 88 88 88 88 88 88 88 88 93 94 95 96 97 98 99 100 102 105 111 116 120 123 123 123 121 111 104 106 113 112 99 85 82
51 54 59 65 68 70 70 70 70 73 78 82 86 87 87 86 89 89 88 87 85 84 83 83 90 90 89 87 86 85 84 83 83 84 85 86 87 89 90 90 92 92 92 92 92 92 92 92 91 91 92 94 95 96 97 98 98 98 99 100 101 102 103 103 95 96 97 98 99 101 102 102 99 99 99 99 99 99 99 99 99 99 99 99 99 99 99 99 101 100 99 98 97 95 94 94 91 92 93 94 92 89 86 84 87 87 87 87 87 87 87 87 87 87 87 87 87 87 87 87 93 94 95 96 97 98 99 100 103 107 112 118 122 124 124 124 121 114 108 108 112 112 103 94 81
52 56 61 67 72 74 75 75 75 78 82 86 88 89 88 87 89 89 88 87 85 84 83 83 90 90 89 87 86 85 84 83 83 84 85 86 87 89 90 90 89 89 89 89 89 89 89 89 89 90 91 92 94 95 96 96 96 97 98 100 101 103 104 105 98 98 99 101 102 103 104 105 101 101 101 101 101 101 101 101 101 101 101 101 101 101 101 101 99 99 98 96 95 94 93 92 89 91 92 92 91 88 85 82 85 85 85 85 85 85 85 85 85 85 85 85 85 85 85 85 93 94 95 96 97 98 99 100 105 108 114 119 123 125 126 126 122 117 112 110 111 111 108 104 93
53 57 63 69 75 78 79 79 80 82 86 89 90 90 89 88 89 89 88 87 85 84 83 83 88 87 86 85 83 82 81 81 81 81 82 83 85 86 87 88 84 84 84 84 84 84 84 84 86 86 87 88 90 91 92 93 92 93 95 97 99 102 104 105 101 101 102 103 105 106 107 108 104 104 104 104 104 104 104 104 102 102 102 102 102 102 102 102 98 97 96 95 94 92 91 91 88 89 91 91 90 87 83 81 82 82 82 82 82 82 82 82 84 84 84 84 84 84 84 84 93 94 95 96 97 98 99 100 106 110 115 120 125 127 127 127 122 119 115 112 111 111 113 114 111
54 58 64 71 77 81 82 83 83 85 88 91 92 91 90 88 89 89 88 87 85 84 83 83 84 84 83 82 80 79 78 77 77 78 79 80 82 83 84 84 78 78 78 78 78 78 78 78 81 82 83 84 85 87 88 88 87 88 90 93 96 99 101 103 103 103 104 105 107 108 109 110 106 106 106 106 106 106 106 106 103 103 103 103 103 103 103 103 97 96 95 94 93 91 90 90 87 88 90 90 89 86 82 80 80 80 80 80 80 80 80 80 83 83 83 83 83 83 83 83 93 94 95 96 97 98 99 100 107 111 116 121 126 128 128 128 122 121 118 114 110 111 116 121 127
54 58 65 72 78 82 84 85 85 87 90 92 93 92 90 89 89 89 88 87 85 84 83 83 82 81 80 79 78 76 75 75 75 75 76 78 79 80 81 82 75 75 75 75 75 75 75 75 78 79 80 81 82 84 85 85 84 85 88 91 94 97 100 101 104 104 105 107 108 109 110 111 107 107 107 107 107 107 107 107 104 104 104 104 104 104 104 104 96 96 95 94 92 91 90 89 86 88 89 89 88 85 82 79 79 79 79 79 79 79 79 79 82 82 82 82 82 82 82 82 93 94 95 96 97 98 99 100 108 111 116 122 126 128 129 129 122 122 120 114 110 111 118 124 134
60 63 68 75 83 90 95 98 96 96 95 94 92 91 90 90 91 93 96 97 94 88 82 77 78 78 77 77 76 76 75 75 75 74 74 74 73 73 73 72 69 69 69 69 69 69 69 69 76 77 78 79 80 81 82 83 86 87 89 92 95 97 99 100 107 107 107 107 107 107 107 107 100 101 102 103 104 106 107 107 107 107 106 104 103 102 101 100 93 93 93 93 93 93 93 93 86 86 86 86 86 86 86 86 78 77 76 75 77 80 83 86 83 82 80 80 81 84 87 90 88 89 91 92 94 96 98 99 106 110 115 122 127 129 130 130 116 114 110 106 106 115 130 142 155
59 62 68 75 83 90 96 99 96 96 95 94 92 91 90 90 91 93 95 95 92 87 81 77 76 75 74 73 72 71 70 70 69 69 67 66 64 63 62 61 67 67 67 67 67 67 67 67 72 72 74 76 78 80 82 83 85 86 88 91 94 96 98 99 106 106 106 106 106 106 106 106 100 100 101 102 104 105 106 107 107 106 105 104 102 101 100 100 93 93 93 93 93 93 93 93 86 86 86 86 86 86 86 86 80 79 76 75 76 78 81 83 75 74 73 73 76 79 83 86 87 88 89 91 92 94 95 96 105 108 114 121 126 129 130 131 120 116 111 106 107 114 127 136 150
58 61 67 75 83 91 97 100 96 96 95 94 92 91 90 90 90 91 92 91 88 84 79 76 72 72 71 69 67 65 64 64 67 66 65 63 62 60 59 58 65 65 65 65 65 65 65 65 65 67 69 72 76 79 81 82 83 84 86 89 92 94 96 97 104 104 104 104 104 104 104 104 99 99 100 101 103 104 105 106 106 105 104 103 101 100 99 99 93 93 93 93 93 93 93 93 86 86 86 86 86 86 86 86 83 81 78 75 75 76 78 80 73 72 72 74 77 82 87 90 86 87 88 89 90 91 92 92 102 106 113 120 125 129 131 131 125 119 112 107 107 113 120 126 138
56 59 66 74 84 92 99 102 96 96 95 94 92 91 90 90 90 89 88 86 84 80 78 76 70 69 68 67 65 64 63 62 65 66 66 67 67 68 68 68 64 64 64 64 64 64 64 64 62 63 66 69 73 77 80 81 81 82 84 86 89 91 93 94 101 101 101 101 101 101 101 101 97 98 99 100 101 103 104 104 104 104 103 101 100 99 98 97 93 93 93 93 93 93 93 93 86 86 86 86 86 86 86 86 85 83 80 77 76 77 79 80 78 78 78 80 84 89 94 98 87 87 88 88 88 89 89 89 99 103 110 118 124 129 131 132 129 121 111 107 109 113 115 115 121
54 58 65 74 84 93 100 104 96 96 95 94 92 91 90 90 89 87 85 81 79 77 76 75 69 69 69 69 69 69 69 69 62 63 65 67 69 71 72 73 65 65 65 65 65 65 65 65 64 65 67 70 73 76 78 79 78 79 81 83 86 88 90 91 99 99 99 99 99 99 99 99 96 96 97 99 100 101 102 103 103 102 101 100 99 97 96 96 93 93 93 93 93 93 93 93 86 86 86 86 86 86 86 86 88 86 83 81 81 82 85 86 81 80 80 81 84 89 94 96 91 91 90 90 89 89 89 89 96 100 108 116 123 128 131 132 130 119 108 106 111 114 111 106 105
52 56 64 74 84 94 102 106 96 96 95 94 92 91 90 90 89 86 81 77 74 73 74 75 69 70 72 75 78 80 82 83 71 71 71 71 70 70 69 69 69 69 69 69 69 69 69 69 71 71 72 73 74 75 76 77 75 76 78 80 83 86 88 89 96 96 96 96 96 96 96 96 94 95 96 97 99 100 101 101 101 101 100 99 97 96 95 94 93 93 93 93 93 93 93 93 86 86 86 86 86 86 86 86 89 88 87 87 88 92 95 98 86 85 83 83 84 86 90 92 96 96 95 94 93 92 91 91 92 97 105 114 122 128 131 133 128 115 104 105 114 117 111 102 97
50 55 63 73 85 95 103 108 96 96 95 94 92 91 90 90 88 84 78 73 70 70 72 74 71 73 77 82 88 93 97 99 106 104 98 92 84 78 72 70 73 73 73 73 73 73 73 73 80 80 79 78 77 75 75 74 73 74 76 78 81 84 86 87 94 94 94 94 94 94 94 94 93 94 95 96 98 99 100 100 100 100 99 98 96 95 94 93 93 93 93 93 93 93 93 93 86 86 86 86 86 86 86 86 90 90 90 92 96 101 107 110 106 104 101 98 97 97 99 100 102 101 100 99 97 95 94 93 90 95 103 113 122 128 132 133 124 111 100 104 116 121 112 100 99
50 54 62 73 85 96 104 108 96 96 95 94 92 91 90 90 88 83 77 71 68 69 72 74 72 75 80 87 95 102 107 110 144 138 129 117 103 91 82 76 76 76 76 76 76 76 76 76 86 85 83 81 78 76 74 73 72 73 75 77 80 83 85 86 93 93 93 93 93 93 93 93 93 93 94 96 97 98 99 100 100 99 98 97 96 94 93 93 93 93 93 93 93 93 93 93 86 86 86 86 86 86 86 86 90 91 92 95 101 108 114 118 130 127 123 118 116 115 115 116 106 105 104 102 100 98 96 96 88 94 102 112 121 128 132 133 121 108 97 103 118 123 113 100 104
62 61 64 75 90 101 104 103 96 97 99 100 99 97 94 92 91 84 75 67 65 67 73 77 81 78 89 111 119 112 112 122 142 140 136 129 119 108 99 94 85 85 85 85 85 85 85 85 102 92 87 97 113 116 102 85 100 94 85 78 76 80 85 90 96 94 92 90 90 92 95 97 100 94 90 92 98 101 99 95 97 94 90 87 88 92 97 100 87 88 89 90 92 93 94 95 86 87 89 92 95 97 99 101 103 104 108 112 116 120 124 125 118 118 116 115 113 111 110 109 106 107 108 107 105 102 98 95 84 86 91 99 109 120 130 135 120 110 102 105 116 119 111 101 115
62 61 63 75 90 101 104 102 96 97 99 100 99 96 93 91 86 82 77 72 71 73 77 80 77 80 100 128 135 121 112 115 128 128 128 124 116 105 94 87 85 85 85 85 85 85 85 85 92 86 88 105 129 140 134 122 104 98 89 80 76 77 80 83 89 90 91 93 96 99 101 102 96 94 91 89 90 95 102 107 101 97 91 87 85 85 88 90 86 86 86 85 85 85 84 84 73 75 79 85 91 97 101 104 97 98 100 103 105 108 110 111 110 111 111 111 111 111 111 111 105 106 107 107 106 102 99 96 89 89 92 97 106 118 129 136 119 109 101 105 115 119 111 101 109
61 60 62 73 89 100 103 101 96 97 99 99 97 94 90 88 78 79 79 80 81 82 83 84 75 82 109 141 147 127 110 107 112 117 122 123 118 106 92 83 87 87 87 87 87 87 87 87 87 84 88 106 130 144 143 136 110 103 93 83 76 73 74 75 81 85 89 95 98 100 101 100 93 100 104 100 93 96 112 126 113 109 102 94 88 84 83 82 83 82 80 78 75 73 71 70 62 66 72 79 88 96 102 105 98 99 100 102 104 106 108 109 107 107 108 108 109 109 110 110 103 105 106 107 106 103 100 98 97 94 93 95 102 114 127 135 117 107 99 103 115 119 112 101 107
60 58 61 72 87 98 101 100 97 98 98 98 95 92 87 85 72 75 80 85 88 89 88 88 80 84 105 134 139 119 105 104 109 116 126 131 127 115 100 89 92 92 92 92 92 92 92 92 91 87 87 96 110 117 115 110 112 106 97 86 78 72 69 68 78 81 85 89 90 88 86 84 82 101 119 118 107 103 116 132 123 119 111 102 93 85 79 77 78 76 74 71 67 64 61 60 69 71 75 81 87 93 98 100 101 103 106 110 115 119 122 124 115 114 113 111 109 107 106 105 102 103 105 107 106 104 101 100 104 100 95 94 100 110 123 130 113 104 97 102 114 119 112 102 107
58 57 60 71 86 97 100 98 97 98 98 97 94 89 84 81 70 74 79 84 88 90 90 90 89 84 92 111 114 102 98 106 115 123 133 139 136 124 110 100 96 96 96 96 96 96 96 96 92 89 86 88 92 96 95 92 108 104 96 88 80 74 70 68 81 80 79 77 73 68 64 61 61 87 114 121 110 99 102 110 114 110 104 96 86 76 68 63 71 70 69 67 65 63 62 61 86 86 87 87 88 89 89 89 92 95 101 108 116 123 128 131 125 123 119 115 110 105 101 99 100 101 104 106 107 105 103 102 107 104 100 98 101 108 116 122 110 101 94 100 113 119 112 103 94
57 55 58 69 85 96 98 97 98 98 98 96 92 87 81 78 73 74 76 79 82 85 88 90 96 83 81 92 94 87 91 105 120 125 132 135 132 122 110 102 92 92 92 92 92 92 92 92 87 85 84 85 88 92 96 99 98 96 93 89 84 79 76 74 84 80 72 64 57 54 52 52 48 69 93 103 96 85 81 81 91 90 86 81 72 63 54 49 63 64 65 67 69 71 72 73 98 97 94 90 86 83 80 78 76 79 84 92 99 107 112 115 122 120 116 111 106 102 98 96 98 100 103 106 107 106 105 103 107 106 105 104 105 107 109 111 107 98 92 98 112 118 112 103 78
56 54 57 68 83 95 97 96 98 98 97 95 91 85 79 76 77 75 72 71 73 78 84 88 97 83 80 88 89 82 86 100 116 118 120 120 115 107 98 93 80 80 80 80 80 80 80 80 84 84 83 81 81 84 91 97 86 87 88 88 88 86 84 82 86 78 66 55 50 51 56 59 63 69 77 82 83 80 76 74 79 80 80 78 72 64 56 52 56 59 63 69 76 82 87 89 97 95 91 86 81 76 73 71 71 73 76 79 83 87 89 91 103 102 102 101 99 98 98 97 96 99 102 106 107 107 106 105 105 107 110 112 111 107 103 100 104 95 90 97 111 118 112 103 76
55 54 57 68 83 94 97 96 98 98 97 95 90 84 78 74 81 76 69 65 67 73 81 87 95 83 83 93 93 83 84 95 110 110 108 105 99 92 86 82 71 71 71 71 71 71 71 71 86 85 82 75 69 69 75 80 78 81 84 88 90 90 89 88 87 77 63 51 48 54 64 72 89 81 74 74 80 85 86 84 81 84 86 86 83 76 69 64 52 56 63 72 81 90 97 100 89 88 85 81 77 73 70 68 79 78 78 78 77 77 77 77 84 85 88 90 94 96 99 100 95 98 102 105 107 108 107 106 103 107 113 117 115 108 99 94 103 94 89 96 111 118 113 104 86
60 57 57 66 80 92 97 97 97 97 96 94 90 84 79 76 76 73 73 78 85 86 81 74 86 84 82 80 80 82 84 86 89 88 86 82 76 69 62 58 66 64 61 59 58 60 62 63 70 71 74 75 75 73 71 70 83 82 80 79 81 84 87 89 82 63 44 38 49 63 72 74 79 79 80 81 83 84 85 86 92 88 82 76 70 67 65 64 44 52 71 97 118 120 105 89 80 77 74 77 81 80 73 65 70 71 72 73 74 75 76 77 71 71 71 72 75 79 83 85 92 93 96 99 102 105 108 109 106 106 107 109 113 118 123 127 117 104 92 92 103 113 116 113 85
58 55 55 64 79 92 97 97 94 94 93 91 88 84 80 77 83 77 73 75 80 82 79 74 84 82 80 78 78 80 82 84 78 79 80 81 81 79 78 76 70 68 65 63 63 66 70 72 67 68 70 72 73 73 72 71 78 77 76 77 79 83 87 89 84 68 50 44 53 66 73 75 80 81 82 83 85 86 87 87 91 88 83 76 71 67 65 64 41 49 67 90 108 108 94 79 78 74 73 76 80 79 70 63 54 55 56 57 58 59 60 61 68 69 70 72 75 78 80 82 87 89 92 96 101 105 109 110 104 105 107 111 116 121 126 129 124 112 99 97 105 113 115 113 95
55 52 52 62 77 90 96 96 93 92 91 89 87 85 83 82 96 87 77 73 76 79 78 75 80 78 76 74 74 76 78 80 70 70 70 71 71 71 71 71 64 62 59 57 59 64 71 75 63 64 66 68 70 71 72 73 72 71 71 73 76 81 86 89 87 75 61 55 60 68 75 77 83 83 84 86 87 88 89 90 90 87 83 78 72 68 64 62 40 48 64 83 96 93 80 67 74 71 71 75 79 77 67 59 45 46 47 48 49 51 52 52 62 65 69 73 76 77 77 76 80 82 87 92 99 105 109 112 101 103 107 113 119 125 130 132 134 123 110 104 107 112 113 113 98
50 48 49 59 75 89 95 96 96 95 92 89 88 87 88 88 110 98 83 76 77 80 81 79 74 73 70 68 68 70 73 74 67 64 59 54 50 46 45 44 50 47 44 44 48 56 66 72 63 63 63 64 67 70 73 75 68 68 68 70 74 79 84 88 89 82 72 67 66 70 74 76 84 84 85 87 88 89 90 91 88 87 84 80 75 68 63 60 45 54 69 82 89 84 72 63 71 69 71 76 80 77 66 55 50 50 51 53 54 55 56 57 57 62 69 76 79 77 74 71 73 76 81 88 95 102 108 111 98 101 107 115 121 126 129 131 140 131 119 110 106 107 109 110 94
45 43 45 56 73 87 94 95 101 98 93 88 86 86 87 89 115 103 88 80 80 83 82 81 69 67 64 63 63 64 67 69 60 56 50 44 40 39 40 41 46 43 40 40 47 59 72 80 69 67 65 64 65 69 74 77 70 70 69 70 73 78 83 86 89 87 83 77 71 69 71 74 82 83 84 85 87 88 89 89 85 86 85 82 77 69 62 58 52 62 77 86 87 81 73 68 70 70 73 80 84 79 66 55 52 52 53 55 56 57 58 59 54 62 73 82 85 81 73 68 68 71 77 84 91 98 103 106 94 99 107 114 120 123 124 124 139 133 122 109 100 98 102 106 98
41 39 41 53 70 85 93 94 101 96 88 80 76 75 77 79 106 96 84 79 80 80 78 74 63 61 59 57 57 59 61 63 50 47 44 43 45 51 58 62 53 50 46 47 56 72 88 98 79 76 70 66 66 69 74 78 77 76 75 74 75 78 81 83 86 89 90 83 73 66 66 69 79 79 80 81 83 84 85 86 83 85 86 84 79 70 61 55 55 67 82 89 86 80 75 75 71 73 78 86 90 84 69 56 46 46 47 48 50 51 52 52 54 64 78 90 92 86 75 68 67 70 74 80 87 92 97 99 92 97 105 112 116 116 114 112 129 126 118 104 91 88 93 101 110
37 35 38 50 68 84 92 93 95 88 77 66 60 58 60 62 87 80 73 72 74 73 67 61 59 57 55 53 53 55 57 59 48 45 41 39 42 49 58 64 54 50 46 48 59 77 95 108 91 85 77 70 68 70 75 78 87 84 81 78 77 78 79 81 82 89 94 87 73 62 60 63 74 75 76 77 78 80 81 81 82 84 87 86 80 71 61 54 52 66 82 87 82 76 76 78 74 77 83 92 96 89 73 59 43 44 45 46 48 49 50 50 55 67 84 97 100 92 79 69 69 70 74 78 83 87 90 92 91 96 104 110 111 108 103 99 117 117 110 96 81 77 85 95 113
35 34 37 49 68 83 91 93 89 81 68 55 47 44 46 48 71 67 64 65 68 66 58 50 57 55 53 51 51 53 55 57 54 48 39 32 30 33 39 43 47 43 39 41 53 72 92 105 99 92 82 73 69 70 75 78 93 90 86 82 79 78 79 79 80 89 95 89 73 60 57 60 71 72 73 74 75 77 78 78 81 84 87 87 81 71 60 53 47 63 79 84 78 73 75 79 76 79 86 96 100 92 75 61 48 49 50 51 52 54 55 55 56 69 88 102 105 95 81 70 70 71 74 77 80 83 86 87 90 95 103 108 108 103 96 91 109 110 105 90 75 71 81 92 107
38 38 39 44 53 65 76 83 83 73 57 45 40 44 53 59 69 68 67 66 65 63 63 62 53 50 46 46 52 62 73 80 66 59 49 40 36 37 41 44 40 41 45 53 65 80 93 101 90 86 81 75 70 68 67 67 84 85 86 86 84 81 77 74 74 87 100 104 96 83 73 69 69 72 76 81 83 84 84 83 79 82 86 86 82 72 62 55 52 70 90 97 90 80 76 77 80 81 84 85 85 84 81 80 56 55 52 50 50 52 55 56 67 75 85 93 95 89 81 74 74 75 77 80 84 87 90 91 101 90 89 98 97 86 85 96 103 99 94 91 89 88 86 84 79
37 37 39 44 54 66 77 84 83 76 64 54 49 51 57 61 70 69 67 65 63 61 59 58 55 52 49 49 53 62 72 79 76 69 57 47 40 38 40 42 43 45 50 58 68 79 88 94 79 77 75 73 72 74 76 78 84 85 87 87 85 82 78 76 96 101 109 114 112 103 90 80 69 72 76 81 83 84 84 83 79 82 85 86 81 73 63 57 53 69 88 95 90 81 77 77 80 81 84 85 85 84 81 80 65 63 61 59 59 61 63 65 72 77 84 89 90 87 82 79 78 79 80 82 84 87 88 89 99 89 90 102 101 88 86 95 108 105 101 99 98 94 87 81 81
37 37 39 45 55 68 79 87 84 80 74 69 65 63 64 64 71 70 68 64 61 58 55 54 58 56 53 53 57 64 71 76 84 78 67 56 48 45 44 45 49 53 59 67 74 78 81 82 69 69 69 71 74 80 85 88 84 85 87 87 86 84 80 78 109 104 102 109 116 112 95 80 69 72 76 81 83 84 84 83 81 83 85 85 81 74 66 61 54 67 83 91 88 82 78 77 80 81 84 85 85 84 81 80 75 73 71 69 69 71 73 75 78 79 81 83 84 85 85 85 84 84 85 85 86 86 86 87 95 88 93 107 108 94 89 97 128 120 111 106 103 97 86 77 82
36 37 40 46 57 70 82 90 85 85 85 83 80 76 72 70 73 71 68 65 61 57 55 53 62 61 59 58 61 65 70 73 83 79 72 65 60 57 57 57 56 61 68 75 78 78 75 73 69 69 69 71 74 80 85 88 83 85 87 88 88 86 83 81 100 87 78 85 98 99 81 62 69 72 76 81 83 84 84 83 82 83 84 84 81 75 70 66 55 64 77 85 87 84 80 77 80 81 84 85 85 84 81 80 79 78 75 73 73 75 78 79 84 82 79 77 78 82 87 91 90 90 89 88 88 87 87 86 93 88 96 113 116 104 100 107 163 143 117 101 95 91 83 75 81
36 37 40 47 59 73 86 93 88 90 92 92 90 85 80 77 74 72 70 67 64 62 59 58 67 66 65 64 65 67 68 70 75 73 72 70 70 71 72 73 65 69 75 79 80 77 73 70 77 76 74 72 73 75 78 80 83 85 87 89 90 89 86 85 89 73 60 64 78 82 67 51 69 72 76 81 83 84 84 83 84 84 84 83 80 77 74 72 57 62 70 79 86 86 82 77 80 81 84 85 85 84 81 80 79 77 75 73 73 75 77 79 86 83 78 75 76 82 88 93 93 92 92 91 91 90 89 89 94 89 98 118 124 117 118 128 192 158 114 87 80 81 79 74 82
35 37 40 48 60 75 88 97 92 93 94 95 93 90 86 84 74 73 73 71 70 69 69 68 71 71 71 70 69 68 67 67 69 70 72 74 76 78 80 81 74 75 77 79 79 77 75 73 84 81 77 74 72 71 72 73 82 84 88 90 92 91 89 88 88 75 63 62 70 73 67 59 69 72 76 81 83 84 84 83 85 85 83 82 80 79 78 77 59 59 64 74 84 88 83 77 80 81 84 85 85 84 81 80 78 77 74 73 73 74 77 78 85 82 78 76 78 82 88 92 92 93 93 93 94 94 95 95 98 91 99 120 132 132 141 157 192 153 104 75 73 79 78 74 90
35 36 41 49 62 77 91 99 96 95 94 93 92 91 91 91 73 74 75 76 77 78 79 79 74 75 75 74 72 69 66 64 71 72 75 77 78 78 77 77 81 79 77 76 76 77 79 80 82 80 76 73 72 72 74 75 82 84 88 91 93 93 92 90 87 81 73 67 65 67 69 71 69 72 76 81 83 84 84 83 87 85 83 81 80 80 81 81 60 57 59 70 83 89 85 77 80 81 84 85 85 84 81 80 82 80 78 76 76 78 80 82 81 81 80 79 81 84 86 88 90 91 92 95 97 99 100 101 102 94 99 121 137 146 163 184 163 128 89 73 79 87 82 72 104
35 36 41 49 62 78 92 100 98 96 93 90 89 91 93 95 73 74 76 79 81 84 86 87 76 77 77 76 74 70 66 63 76 77 78 79 78 75 72 70 85 81 77 73 73 77 82 86 78 76 74 72 73 75 77 79 82 84 88 92 94 94 93 92 82 82 77 67 59 59 68 77 69 72 76 81 83 84 84 83 87 85 83 80 80 80 82 84 60 56 56 67 83 90 85 77 80 81 84 85 85 84 81 80 85 84 81 80 80 81 84 85 79 79 81 82 84 85 85 86 88 89 92 95 99 102 104 105 106 95 99 121 140 153 176 201 133 106 79 75 89 97 86 70 116
42 41 44 56 73 85 89 89 100 99 98 97 96 95 94 93 81 77 71 69 72 79 88 94 75 75 75 75 75 75 75 75 75 76 77 78 80 81 82 82 79 79 79 79 79 79 79 79 75 76 77 78 79 81 82 82 77 81 86 91 92 90 86 84 68 67 65 65 66 69 73 75 76 76 77 78 80 81 82 82 86 86 86 86 86 86 86 86 75 72 67 65 68 77 86 92 86 86 86 86 86 86 86 86 86 86 86 86 86 86 86 86 90 90 90 90 90 90 90 90 92 93 95 98 102 105 107 109 99 105 111 134 181 214 190 143 102 100 98 97 94 89 82 77 114
46 43 45 55 71 84 89 89 100 99 98 97 96 95 94 93 84 80 74 71 72 78 85 90 79 79 79 78 77 76 76 75 76 76 77 79 80 81 82 83 79 79 79 79 79 79 79 79 76 77 78 79 81 82 83 83 82 85 89 91 91 88 84 81 68 67 65 65 66 69 73 75 76 76 77 78 80 81 82 82 86 86 86 86 86 86 86 86 76 73 68 67 70 77 86 91 86 86 86 86 86 86 86 86 86 86 86 86 86 86 86 86 90 90 90 90 90 90 90 90 92 93 95 98 101 104 106 107 101 113 124 141 171 190 165 124 114 108 101 96 93 88 82 77 116
53 48 46 54 68 82 89 91 100 99 98 97 96 95 94 93 89 85 79 75 74 76 81 84 86 85 84 82 80 78 76 76 77 77 78 80 81 82 83 84 80 80 80 80 80 80 80 80 78 79 80 81 83 84 85 85 90 91 92 91 89 85 80 77 68 67 65 65 66 69 73 75 76 76 77 78 80 81 82 82 86 86 86 86 86 86 86 86 77 74 71 70 72 78 85 89 86 86 86 86 86 86 86 86 86 86 86 86 86 86 86 86 90 90 90 90 90 90 90 90 92 93 95 97 100 102 104 105 106 122 135 142 150 153 135 110 133 121 105 95 91 88 81 75 117
62 54 48 52 65 80 89 93 100 99 98 97 96 95 94 93 94 90 84 79 76 76 77 78 89 88 87 84 82 80 78 77 78 79 80 81 82 84 85 85 82 82 82 82 82 82 82 82 81 82 83 84 85 87 88 88 95 94 92 89 84 79 75 73 68 67 65 65 66 69 73 75 76 76 77 78 80 81 82 82 86 86 86 86 86 86 86 86 78 76 74 73 75 79 84 87 86 86 86 86 86 86 86 86 86 86 86 86 86 86 86 86 90 90 90 90 90 90 90 90 93 93 95 96 98 100 101 102 110 123 132 129 121 118 118 118 153 135 111 97 93 90 81 73 115
72 61 50 49 61 77 89 94 100 99 98 97 96 95 94 93 95 92 88 83 79 77 76 75 87 87 85 84 82 81 80 79 80 80 81 83 84 85 86 87 83 83 83 83 83 83 83 83 84 84 85 87 88 89 90 91 95 93 88 82 77 73 70 69 68 67 65 65 66 69 73 75 76 76 77 78 80 81 82 82 86 86 86 86 86 86 86 86 79 78 78 77 78 80 83 84 86 86 86 86 86 86 86 86 86 86 86 86 86 86 86 86 90 90 90 90 90 90 90 90 93 94 94 95 96 97 98 98 110 114 117 109 96 96 117 141 168 145 117 102 100 95 82 70 108
81 67 52 47 57 74 89 96 100 99 98 97 96 95 94 93 93 92 89 87 83 80 77 76 80 80 80 81 81 81 81 81 81 82 83 84 85 87 88 88 85 85 85 85 85 85 85 85 87 87 88 89 91 92 93 94 90 86 80 74 69 66 66 66 68 67 65 65 66 69 73 75 76 76 77 78 80 81 82 82 86 86 86 86 86 86 86 86 80 80 81 81 81 82 81 81 86 86 86 86 86 86 86 86 86 86 86 86 86 86 86 86 90 90 90 90 90 90 90 90 94 94 94 94 95 95 95 95 103 100 100 98 89 90 120 156 175 150 122 110 110 104 85 67 97
88 72 53 46 55 73 89 98 100 99 98 97 96 95 94 93 89 90 90 89 86 83 80 78 71 72 74 76 79 81 83 84 82 83 84 85 86 88 89 89 86 86 86 86 86 86 86 86 89 89 90 91 93 94 95 96 82 78 71 65 61 61 62 64 68 67 65 65 66 69 73 75 76 76 77 78 80 81 82 82 86 86 86 86 86 86 86 86 81 82 83 84 84 82 81 79 86 86 86 86 86 86 86 86 86 86 86 86 86 86 86 86 90 90 90 90 90 90 90 90 94 94 94 94 93 93 93 93 92 86 91 102 99 95 118 151 176 152 126 118 120 112 87 64 85
92 75 54 45 53 72 89 98 100 99 98 97 96 95 94 93 87 88 89 90 88 85 82 80 65 66 69 73 77 81 84 85 83 83 84 85 87 88 89 90 86 86 86 86 86 86 86 86 90 90 91 93 94 95 96 97 76 72 65 60 57 58 61 63 68 67 65 65 66 69 73 75 76 76 77 78 80 81 82 82 86 86 86 86 86 86 86 86 82 83 85 86 85 83 80 78 86 86 86 86 86 86 86 86 86 86 86 86 86 86 86 86 90 90 90 90 90 90 90 90 94 94 94 93 93 92 91 91 84 78 89 110 111 101 113 139 175 152 128 123 127 117 89 62 77
94 81 66 61 68 80 89 93 97 97 97 97 97 97 97 97 89 89 89 89 89 89 89 89 84 80 75 70 69 71 74 77 78 79 80 82 84 86 87 88 74 76 78 81 85 88 90 92 92 91 90 88 86 84 82 81 66 66 67 67 68 69 69 69 70 70 71 72 72 73 74 74 79 79 80 82 83 84 85 86 86 86 86 86 86 86 86 86 82 82 82 82 82 82 82 82 82 82 82 82 82 82 82 82 85 86 87 89 91 93 95 95 94 94 94 94 94 94 94 94 97 96 94 91 88 85 83 82 87 95 103 107 107 111 119 127 165 172 154 120 113 123 104 68 73
94 82 67 63 70 81 89 93 97 97 97 97 97 97 97 97 90 90 90 90 90 90 90 90 85 82 77 73 71 73 76 78 72 73 74 76 78 79 80 81 79 80 82 85 88 91 93 95 82 82 81 81 80 79 78 78 70 70 70 71 71 71 71 72 69 70 71 71 73 73 74 75 79 80 81 82 84 85 86 86 86 86 86 86 86 86 86 86 83 83 83 83 83 83 83 83 83 83 83 83 83 83 83 83 82 82 83 83 84 85 86 86 85 85 85 85 85 85 85 85 83 84 84 85 87 88 88 89 88 96 104 107 107 110 118 126 169 178 162 128 120 128 110 74 64
95 83 70 66 73 84 91 93 97 97 97 97 97 97 97 97 91 91 91 91 91 91 91 91 87 84 80 77 76 77 78 80 68 68 69 70 71 73 73 74 75 76 77 80 82 85 86 87 72 73 73 74 75 76 76 77 76 76 75 75 75 75 75 75 68 69 70 71 73 74 75 76 80 81 82 83 85 86 87 87 86 86 86 86 86 86 86 86 84 84 84 84 84 84 84 84 84 84 84 84 84 84 84 84 80 80 79 78 77 77 76 76 76 76 76 76 76 76 76 76 72 74 77 82 87 92 95 97 90 97 104 107 107 110 117 124 172 184 170 137 126 133 115 81 62
95 85 74 71 78 87 93 94 97 97 97 97 97 97 97 97 92 92 92 92 92 92 92 92 88 87 85 83 82 81 81 81 71 71 71 72 72 72 73 73 65 66 67 69 71 72 73 74 70 71 72 74 76 78 80 80 81 81 80 79 78 77 77 76 66 67 69 71 73 75 77 78 82 82 83 85 86 87 88 89 86 86 86 86 86 86 86 86 85 85 85 85 85 85 85 85 85 85 85 85 85 85 85 85 84 83 82 80 78 76 74 74 75 75 75 75 75 75 75 75 76 78 82 87 92 96 100 102 91 98 105 107 107 109 116 123 166 182 173 140 125 130 113 80 70
96 87 77 76 83 91 95 94 97 97 97 97 97 97 97 97 94 94 94 94 94 94 94 94 91 91 91 90 89 87 85 84 79 79 79 78 78 78 77 77 69 69 70 71 72 72 73 74 76 77 79 81 83 85 86 87 85 84 83 81 79 78 77 76 64 65 68 70 74 76 79 80 83 84 85 86 87 89 90 90 86 86 86 86 86 86 86 86 87 87 87 87 87 87 87 87 87 87 87 87 87 87 87 87 90 90 88 86 84 82 81 80 81 81 81 81 81 81 81 81 92 93 94 96 98 100 101 102 93 100 107 108 106 107 114 121 155 176 171 138 119 121 105 74 73
96 89 81 81 88 95 96 95 97 97 97 97 97 97 97 97 95 95 95 95 95 95 95 95 92 94 95 96 95 92 88 85 87 86 85 84 83 82 81 81 85 85 85 85 85 86 86 86 85 85 86 87 88 88 89 89 86 85 83 81 78 76 74 73 62 64 66 70 74 78 80 82 85 85 86 87 89 90 91 92 86 86 86 86 86 86 86 86 88 88 88 88 88 88 88 88 88 88 88 88 88 88 88 88 93 93 92 91 90 89 89 89 89 89 89 89 89 89 89 89 103 103 102 102 101 101 100 100 95 102 108 108 106 106 112 119 145 170 170 136 114 113 98 69 70
97 90 84 85 92 97 98 96 97 97 97 97 97 97 97 97 96 96 96 96 96 96 96 96 94 96 99 101 99 95 90 87 89 88 87 85 84 82 81 80 94 94 93 93 93 93 92 92 90 90 89 89 88 87 86 86 85 83 81 78 75 73 70 69 61 62 66 70 74 78 82 83 86 86 87 88 90 91 92 93 86 86 86 86 86 86 86 86 89 89 89 89 89 89 89 89 89 89 89 89 89 89 89 89 89 90 90 91 92 93 93 94 93 93 93 93 93 93 93 93 100 100 100 100 100 100 100 100 97 103 108 109 105 106 111 117 140 169 172 138 114 111 96 69 76
97 91 85 87 94 99 98 96 97 97 97 97 97 97 97 97 97 97 97 97 97 97 97 97 95 98 101 103 102 97 92 88 88 87 86 84 82 80 79 78 92 92 91 91 90 89 89 89 92 91 90 88 86 84 82 81 84 82 80 77 73 70 68 67 60 62 65 70 74 79 82 84 86 87 88 89 90 92 93 93 86 86 86 86 86 86 86 86 90 90 90 90 90 90 90 90 90 90 90 90 90 90 90 90 85 86 87 89 91 93 94 95 94 94 94 94 94 94 94 94 92 93 94 96 97 99 100 101 98 103 109 109 105 105 111 116 140 170 175 141 115 111 96 70 87
84 86 88 91 95 98 100 102 97 99 101 103 103 101 99 97 97 97 97 97 97 97 97 97 97 97 97 97 97 97 97 97 86 86 86 86 86 86 86 86 93 93 93 93 93 93 93 93 89 89 89 89 89 89 89 89 87 83 78 71 67 64 63 63 67 73 78 77 73 72 77 82 86 88 92 95 96 96 94 93 96 95 93 90 88 85 83 82 87 86 84 83 83 86 89 91 86 87 88 89 90 91 92 93 93 93 93 93 93 93 93 93 97 97 97 97 97 97 97 97 93 94 95 96 97 98 99 100 100 101 103 106 108 111 113 114 147 175 172 132 110 116 103 72 103
85 86 89 91 95 97 100 101 97 98 101 103 103 101 98 97 96 96 96 96 96 96 96 96 96 96 96 96 96 96 96 96 86 86 86 86 86 86 86 86 93 93 93 93 93 93 93 93 90 90 90 90 90 90 90 90 86 83 77 71 67 64 64 64 70 75 80 79 75 74 79 85 88 91 94 97 98 98 97 95 98 97 95 93 90 87 85 84 87 87 87 87 86 85 85 84 86 87 88 89 90 91 92 93 93 93 93 93 93 93 93 93 97 97 97 97 97 97 97 97 93 94 95 96 97 98 99 100 100 101 103 106 108 111 113 114 147 173 170 132 110 113 101 72 129
87 88 89 92 94 97 98 99 96 97 100 102 102 100 97 96 95 95 95 95 95 95 95 95 95 95 95 95 95 95 95 95 87 87 87 87 87 87 87 87 93 93 93 93 93 93 93 93 91 91 91 91 91 91 91 91 85 82 76 71 67 65 65 65 73 79 84 83 79 78 83 88 92 94 97 100 102 101 100 99 102 101 99 96 93 91 89 88 86 89 91 93 90 85 79 75 86 87 88 89 90 91 92 93 93 93 93 93 93 93 93 93 97 97 97 97 97 97 97 97 93 94 95 96 97 98 99 100 100 101 103 106 108 111 113 114 147 169 166 132 110 109 96 72 152
89 89 90 92 94 96 97 97 94 96 98 100 100 98 96 94 94 94 94 94 94 94 94 94 94 94 94 94 94 94 94 94 89 89 89 89 89 89 89 89 93 93 93 93 93 93 93 93 92 92 92 92 92 92 92 92 83 80 75 71 67 66 66 67 76 81 86 85 81 80 85 91 94 96 100 103 104 104 102 101 104 103 101 98 96 93 91 90 86 90 95 97 93 85 75 68 86 87 88 89 90 91 92 93 93 93 93 93 93 93 93 93 97 97 97 97 97 97 97 97 93 94 95 96 97 98 99 100 100 101 103 106 108 111 113 114 147 163 160 132 110 103 91 72 159
91 91 92 93 93 94 95 95 93 95 97 99 99 97 95 93 92 92 92 92 92 92 92 92 92 92 92 92 92 92 92 92 90 90 90 90 90 90 90 90 93 93 93 93 93 93 93 93 94 94 94 94 94 94 94 94 81 78 74 70 68 67 68 69 76 81 86 85 81 80 85 91 94 96 100 103 104 104 102 101 104 103 101 98 96 93 91 90 86 90 95 97 93 85 75 68 86 87 88 89 90 91 92 93 93 93 93 93 93 93 93 93 97 97 97 97 97 97 97 97 93 94 95 96 97 98 99 100 100 101 103 106 108 111 113 114 147 157 154 133 111 97 85 72 163
92 92 93 93 93 93 94 94 91 93 96 97 97 96 93 91 91 91 91 91 91 91 91 91 91 91 91 91 91 91 91 91 92 92 92 92 92 92 92 92 93 93 93 93 93 93 93 93 95 95 95 95 95 95 95 95 79 77 73 70 68 68 70 71 73 79 84 83 79 78 83 88 92 94 97 100 102 101 100 99 102 101 99 96 93 91 89 88 86 89 91 93 90 85 79 75 86 87 88 89 90 91 92 93 93 93 93 93 93 93 93 93 97 97 97 97 97 97 97 97 93 94 95 96 97 98 99 100 100 101 103 106 108 111 113 114 148 152 149 133 111 92 79 73 168
94 94 93 93 93 93 92 92 90 92 95 96 96 95 92 90 90 90 90 90 90 90 90 90 90 90 90 90 90 90 90 90 93 93 93 93 93 93 93 93 93 93 93 93 93 93 93 93 96 96 96 96 96 96 96 96 78 75 72 70 69 69 71 72 70 75 80 79 75 74 79 85 88 91 94 97 98 98 97 95 98 97 95 93 90 87 85 84 87 87 87 87 86 85 85 84 86 87 88 89 90 91 92 93 93 93 93 93 93 93 93 93 97 97 97 97 97 97 97 97 93 94 95 96 97 98 99 100 100 101 103 106 108 111 113 114 148 147 144 133 111 87 75 73 164
95 94 94 93 93 92 92 91 90 92 94 96 96 94 92 90 89 89 89 89 89 89 89 89 89 89 89 89 89 89 89 89 93 93 93 93 93 93 93 93 93 93 93 93 93 93 93 93 97 97 97 97 97 97 97 97 77 75 72 69 69 70 72 73 67 73 78 77 73 72 77 82 86 88 92 95 96 96 94 93 96 95 93 90 88 85 83 82 87 86 84 83 83 86 89 91 86 87 88 89 90 91 92 93 93 93 93 93 93 93 93 93 97 97 97 97 97 97 97 97 93 94 95 96 97 98 99 100 100 101 103 106 108 111 113 114 148 145 142 133 111 85 72 73 154
103 101 97 94 93 93 95 96 93 93 93 93 93 93 93 93 86 87 88 89 90 91 92 93 90 90 90 90 90 90 90 90 86 87 88 89 90 91 92 93 93 94 95 96 97 98 99 100 97 98 98 97 95 90 86 83 81 74 67 67 72 75 73 69 70 72 74 76 76 75 73 71 86 86 86 86 86 86 86 86 94 93 92 91 90 89 88 87 78 79 80 82 84 86 88 89 80 83 88 94 98 100 101 100 97 97 97 97 97 97 97 97 96 96 95 94 92 91 90 90 93 94 95 96 97 98 99 100 98 102 104 102 100 106 117 127 146 140 133 127 118 102 81 65 131
103 101 97 94 93 93 95 96 93 93 93 93 93 93 93 93 86 87 88 89 90 91 92 93 90 90 90 90 90 90 90 90 86 87 88 89 90 91 92 93 93 94 95 96 97 98 99 100 97 98 98 97 95 90 86 83 81 74 67 66 71 74 72 68 58 59 62 65 70 74 77 79 85 85 85 85 85 85 85 85 90 89 88 87 86 84 83 83 72 73 75 78 82 85 87 88 80 83 88 94 98 100 101 100 97 97 97 97 97 97 97 97 96 96 95 94 92 91 90 90 93 94 95 96 97 98 99 100 98 102 104 102 100 106 117 127 144 140 135 129 120 102 78 61 112
103 101 97 94 93 93 95 96 93 93 93 93 93 93 93 93 86 87 88 89 90 91 92 93 90 90 90 90 90 90 90 90 86 87 88 89 90 91 92 93 93 94 95 96 97 98 99 100 97 98 98 97 95 90 86 83 82 74 67 66 70 72 69 65 46 46 47 51 59 69 79 85 82 82 82 82 82 82 82 82 83 83 82 81 79 78 77 77 62 64 67 72 77 82 85 87 80 83 88 94 98 100 101 100 97 97 97 97 97 97 97 97 96 96 95 94 92 91 90 90 93 94 95 96 97 98 99 100 98 102 104 102 100 106 117 127 141 139 136 132 122 101 74 55 95
103 101 97 94 93 93 95 96 93 93 93 93 93 93 93 93 86 87 88 89 90 91 92 93 90 90 90 90 90 90 90 90 86 87 88 89 90 91 92 93 93 94 95 96 97 98 99 100 97 98 98 97 95 90 86 83 82 75 67 65 68 69 66 62 46 43 41 42 49 60 72 80 78 78 78 78 78 78 78 78 77 77 76 74 73 72 71 70 54 56 61 66 72 78 83 85 80 83 88 94 98 100 101 100 97 97 97 97 97 97 97 97 96 96 95 94 92 91 90 90 93 94 95 96 97 98 99 100 98 102 104 102 100 106 117 127 138 136 135 132 122 101 73 53 86
103 101 97 94 93 93 95 96 93 93 93 93 93 93 93 93 86 87 88 89 90 91 92 93 90 90 90 90 90 90 90 90 86 87 88 89 90 91 92 93 93 94 95 96 97 98 99 100 97 98 98 97 95 90 86 83 83 75 66 64 66 67 63 59 54 50 45 42 45 53 62 69 73 73 73 73 73 73 73 73 73 72 71 70 69 67 66 66 51 53 58 63 70 75 80 82 80 83 88 94 98 100 101 100 97 97 97 97 97 97 97 97 96 96 95 94 92 91 90 90 93 94 95 96 97 98 99 100 98 102 104 102 100 106 117 127 135 132 130 128 119 101 76 58 76
103 101 97 94 93 93 95 96 93 93 93 93 93 93 93 93 86 87 88 89 90 91 92 93 90 90 90 90 90 90 90 90 86 87 88 89 90 91 92 93 93 94 95 96 97 98 99 100 97 98 98 97 95 90 86 83 83 75 66 63 64 65 60 55 62 59 54 51 50 53 57 60 69 69 69 69 69 69 69 69 71 71 70 68 67 66 65 64 54 56 59 64 69 73 77 79 80 83 88 94 98 100 101 100 97 97 97 97 97 97 97 97 96 96 95 94 92 91 90 90 93 94 95 96 97 98 99 100 98 102 104 102 100 106 117 127 132 128 123 119 114 101 83 69 66
103 101 97 94 93 93 95 96 93 93 93 93 93 93 93 93 86 87 88 89 90 91 92 93 90 90 90 90 90 90 90 90 86 87 88 89 90 91 92 93 93 94 95 96 97 98 99 100 97 98 98 97 95 90 86 83 84 75 66 62 63 63 58 53 63 63 62 62 61 61 61 61 66 66 66 66 66 66 66 66 71 71 70 69 67 66 65 64 59 61 63 66 69 72 75 76 80 83 88 94 98 100 101 100 97 97 97 97 97 97 97 97 96 96 95 94 92 91 90 90 93 94 95 96 97 98 99 100 98 102 104 102 100 106 117 127 130 123 115 110 108 101 90 81 69
103 101 97 94 93 93 95 96 93 93 93 93 93 93 93 93 86 87 88 89 90 91 92 93 90 90 90 90 90 90 90 90 86 87 88 89 90 91 92 93 93 94 95 96 97 98 99 100 97 98 98 97 95 90 86 83 84 75 66 62 62 62 57 52 60 62 66 69 70 69 67 66 65 65 65 65 65 65 65 65 72 72 71 69 68 67 66 65 64 64 66 68 70 72 73 74 80 83 88 94 98 100 101 100 97 97 97 97 97 97 97 97 96 96 95 94 92 91 90 90 93 94 95 96 97 98 99 100 98 102 104 102 100 106 117 127 130 121 110 104 104 102 95 90 80
96 96 95 94 92 91 90 90 93 93 93 93 93 93 93 93 86 86 86 86 86 86 86 86 90 90 90 90 90 90 90 90 83 83 84 85 87 88 89 89 96 95 93 93 94 97 101 103 105 102 97 92 89 87 87 88 80 79 76 73 70 67 64 63 65 65 65 65 65 65 65 65 61 61 62 63 65 66 67 68 67 67 67 68 69 69 70 70 65 65 66 68 69 70 71 72 83 84 86 88 91 93 95 96 97 97 97 97 97 97 97 97 100 99 98 97 96 95 94 93 93 93 93 93 93 93 93 93 93 95 98 101 106 109 112 114 126 123 118 113 110 108 108 109 92
96 96 95 94 92 91 90 90 93 93 93 93 93 93 93 93 86 86 86 86 86 86 86 86 89 89 89 89 89 89 89 89 83 83 84 85 87 88 89 89 95 94 94 94 95 98 100 102 103 100 95 91 88 87 87 87 82 80 78 75 72 69 67 66 65 65 65 65 65 65 65 65 64 65 66 67 68 70 71 71 68 68 68 69 69 69 70 70 65 66 67 68 70 71 72 72 83 84 86 88 91 93 95 96 97 97 97 97 97 97 97 97 100 99 98 97 96 95 94 93 93 93 93 93 93 93 93 93 93 95 98 101 106 109 112 114 124 121 117 112 109 108 108 109 110
96 96 95 94 92 91 90 90 93 93 93 93 93 93 93 93 86 86 86 86 86 86 86 86 88 88 88 88 88 88 88 88 83 83 84 85 87 88 89 89 93 94 94 96 97 98 100 100 99 97 92 88 86 85 86 87 84 83 81 78 76 74 72 71 66 66 66 66 66 66 66 66 70 70 71 72 74 75 76 77 71 70 70 70 70 70 69 69 66 67 68 69 71 72 73 73 83 84 86 88 91 93 95 96 97 97 97 97 97 97 97 97 100 99 98 97 96 95 94 93 93 93 93 93 93 93 93 93 93 95 98 101 106 109 112 114 122 119 115 111 108 108 108 109 118
96 96 95 94 92 91 90 90 93 93 93 93 93 93 93 93 86 86 86 86 86 86 86 86 87 87 87 87 87 87 87 87 83 83 84 85 87 88 89 89 91 93 95 98 99 99 99 98 95 92 89 85 84 84 85 86 84 83 82 80 79 77 76 75 68 68 68 68 68 68 68 68 75 75 76 77 79 80 81 82 74 73 73 72 71 70 69 69 68 68 69 71 72 73 74 75 83 84 86 88 91 93 95 96 97 97 97 97 97 97 97 97 100 99 98 97 96 95 94 93 93 93 93 93 93 93 93 93 93 95 98 101 106 109 112 114 119 116 113 109 107 107 109 110 107
96 96 95 94 92 91 90 90 93 93 93 93 93 93 93 93 86 86 86 86 86 86 86 86 85 85 85 85 85 85 85 85 83 83 84 85 87 88 89 89 89 92 96 100 101 100 98 96 90 88 85 82 81 82 84 85 82 82 81 80 79 78 77 77 69 69 69 69 69 69 69 69 78 78 79 80 82 83 84 84 77 77 75 74 72 70 69 68 69 70 71 72 73 75 76 76 83 84 86 88 91 93 95 96 97 97 97 97 97 97 97 97 100 99 98 97 96 95 94 93 93 93 93 93 93 93 93 93 93 95 98 101 106 109 112 114 115 113 110 107 106 107 109 110 99
96 96 95 94 92 91 90 90 93 93 93 93 93 93 93 93 86 86 86 86 86 86 86 86 84 84 84 84 84 84 84 84 83 83 84 85 87 88 89 89 87 91 97 102 103 101 97 94 85 84 81 79 79 80 83 84 78 78 78 77 77 77 77 77 71 71 71 71 71 71 71 71 78 78 79 81 82 83 84 85 80 79 78 75 73 70 69 68 71 71 72 73 75 76 77 78 83 84 86 88 91 93 95 96 97 97 97 97 97 97 97 97 100 99 98 97 96 95 94 93 93 93 93 93 93 93 93 93 93 95 98 101 106 109 112 114 112 110 108 106 105 107 109 111 104
96 96 95 94 92 91 90 90 93 93 93 93 93 93 93 93 86 86 86 86 86 86 86 86 83 83 83 83 83 83 83 83 83 83 84 85 87 88 89 89 85 90 98 104 105 102 96 92 82 80 78 77 77 79 82 84 73 73 73 74 74 74 75 75 72 72 72 72 72 72 72 72 77 77 78 79 81 82 83 83 83 82 79 77 74 71 69 67 72 72 73 74 76 77 78 79 83 84 86 88 91 93 95 96 97 97 97 97 97 97 97 97 100 99 98 97 96 95 94 93 93 93 93 93 93 93 93 93 93 95 98 101 106 109 112 114 110 108 106 104 105 107 109 111 112
96 96 95 94 92 91 90 90 93 93 93 93 93 93 93 93 86 86 86 86 86 86 86 86 82 82 82 82 82 82 82 82 83 83 84 85 87 88 89 89 84 90 98 104 106 102 96 91 80 79 77 75 76 78 81 83 70 70 70 71 72 72 73 73 72 72 72 72 72 72 72 72 75 76 77 78 79 81 82 82 84 83 80 77 74 71 68 67 72 73 74 75 76 78 79 79 83 84 86 88 91 93 95 96 97 97 97 97 97 97 97 97 100 99 98 97 96 95 94 93 93 93 93 93 93 93 93 93 93 95 98 101 106 109 112 114 108 107 105 104 104 107 109 111 114
96 95 94 93 92 91 90 89 90 90 90 90 90 90 90 90 86 86 86 86 86 86 86 86 86 86 86 86 86 86 86 86 86 86 86 86 86 86 86 86 83 88 94 99 98 92 85 79 76 76 76 76 76 76 76 76 77 76 75 73 71 69 68 67 72 72 73 75 76 77 78 79 86 85 84 83 82 81 80 79 85 85 85 84 80 75 71 68 76 76 76 76 76 76 76 76 83 83 84 85 87 88 89 90 93 94 95 96 97 99 100 100 100 100 100 100 100 100 100 100 97 97 97 97 97 97 97 97 97 98 100 102 105 107 109 110 115 105 93 88 92 101 108 111 120
100 99 98 96 93 91 90 89 90 90 90 90 90 90 90 90 86 86 86 86 86 86 86 86 86 86 86 86 86 86 86 86 86 86 86 86 86 86 86 86 84 88 94 97 96 91 84 79 76 76 76 76 76 76 76 76 76 76 74 73 71 70 68 68 72 73 74 75 77 78 79 79 86 85 84 83 82 81 80 79 84 84 85 83 80 76 71 68 76 76 76 76 76 76 76 76 82 83 84 85 86 88 89 89 93 93 94 95 97 98 99 100 100 100 100 100 100 100 100 100 97 97 97 97 97 97 97 97 97 98 100 102 105 107 109 110 115 107 98 93 95 101 108 111 107
105 104 102 98 95 92 90 88 90 90 90 90 90 90 90 90 86 86 86 86 86 86 86 86 86 86 86 86 86 86 86 86 86 86 86 86 86 86 86 86 86 89 93 95 93 88 82 78 76 76 76 76 76 76 76 76 75 74 74 73 71 70 70 69 73 74 75 76 78 79 80 80 86 85 84 83 82 81 80 79 82 83 84 83 81 77 72 70 76 76 76 76 76 76 76 76 81 82 83 84 85 87 88 88 92 92 93 94 96 97 98 99 100 100 100 100 100 100 100 100 97 97 97 97 97 97 97 97 97 98 100 102 105 107 109 110 116 112 107 103 102 106 111 115 117
107 106 103 100 96 92 90 88 90 90 90 90 90 90 90 90 86 86 86 86 86 86 86 86 86 86 86 86 86 86 86 86 86 86 86 86 86 86 86 86 89 90 92 92 90 85 80 77 76 76 76 76 76 76 76 76 73 73 73 72 72 71 71 71 75 75 76 78 79 80 81 82 86 85 84 83 82 81 80 79 81 82 83 83 81 78 74 72 76 76 76 76 76 76 76 76 80 80 81 83 84 85 86 87 90 91 92 93 94 96 97 97 100 100 100 100 100 100 100 100 97 97 97 97 97 97 97 97 97 98 100 102 105 107 109 110 110 113 114 112 109 110 115 120 113
104 103 101 98 95 92 90 89 90 90 90 90 90 90 90 90 86 86 86 86 86 86 86 86 86 86 86 86 86 86 86 86 86 86 86 86 86 86 86 86 91 91 91 89 86 82 78 76 76 76 76 76 76 76 76 76 71 71 71 72 72 73 73 73 76 77 78 79 80 82 83 83 86 85 84 83 82 81 80 79 79 80 82 82 81 79 76 74 76 76 76 76 76 76 76 76 78 79 80 81 82 84 85 85 89 89 90 92 93 94 95 96 100 100 100 100 100 100 100 100 97 97 97 97 97 97 97 97 97 98 100 102 105 107 109 110 99 108 118 119 115 114 120 126 110
95 95 94 93 92 91 90 90 90 90 90 90 90 90 90 90 86 86 86 86 86 86 86 86 86 86 86 86 86 86 86 86 86 86 86 86 86 86 86 86 94 92 89 86 82 78 76 74 76 76 76 76 76 76 76 76 69 70 70 71 73 74 74 75 78 78 79 80 82 83 84 85 86 85 84 83 82 81 80 79 77 78 81 82 82 80 77 75 76 76 76 76 76 76 76 76 77 77 78 80 81 82 83 84 87 88 89 90 92 93 94 94 100 100 100 100 100 100 100 100 97 97 97 97 97 97 97 97 97 98 100 102 105 107 109 110 105 121 139 145 141 139 146 155 181
85 86 87 88 89 90 91 91 90 90 90 90 90 90 90 90 86 86 86 86 86 86 86 86 86 86 86 86 86 86 86 86 86 86 86 86 86 86 86 86 96 93 88 83 79 76 74 74 76 76 76 76 76 76 76 76 68 68 70 71 73 74 76 76 79 79 80 81 83 84 85 86 86 85 84 83 82 81 80 79 75 77 80 82 82 81 78 77 76 76 76 76 76 76 76 76 76 76 77 79 80 81 82 83 86 87 88 89 91 92 93 93 100 100 100 100 100 100 100 100 97 97 97 97 97 97 97 97 97 98 100 102 105 107 109 110 144 166 191 200 197 196 204 215 252
78 80 81 84 87 89 91 92 90 90 90 90 90 90 90 90 86 86 86 86 86 86 86 86 86 86 86 86 86 86 86 86 86 86 86 86 86 86 86 86 97 94 88 82 77 74 73 73 76 76 76 76 76 76 76 76 67 68 69 71 73 75 76 77 79 80 81 82 83 85 86 86 86 85 84 83 82 81 80 79 74 76 79 82 82 81 79 78 76 76 76 76 76 76 76 76 75 76 77 78 80 81 82 82 86 86 87 89 90 91 92 93 100 100 100 100 100 100 100 100 97 97 97 97 97 97 97 97 97 98 100 102 105 107 109 110 187 212 241 253 250 249 255 255 249
93 84 78 84 94 97 87 75 90 90 90 90 90 90 90 90 90 90 90 90 90 90 90 90 90 90 90 90 90 90 90 90 86 86 86 86 86 86 86 86 90 87 83 78 74 73 73 73 75 75 75 75 75 75 75 75 66 67 69 71 73 74 76 77 82 82 82 82 82 82 82 82 80 80 79 79 78 77 77 77 86 86 86 86 86 86 86 86 80 79 78 76 74 72 71 70 75 75 75 75 75 75 75 75 83 83 84 85 87 88 89 90 90 92 96 99 100 100 98 97 100 100 100 100 100 100 100 100 101 101 88 103 124 96 85 128 228 240 253 255 255 253 253 254 254
93 84 77 83 95 99 92 81 90 90 90 90 90 90 90 90 90 90 90 90 90 90 90 90 90 90 90 90 90 90 90 90 86 86 86 86 86 86 86 86 90 87 82 78 75 73 74 74 76 76 76 76 76 76 76 76 69 70 71 73 74 76 77 78 83 83 83 83 83 83 83 83 82 82 82 82 81 81 81 81 87 87 87 87 87 87 87 87 82 81 80 78 76 75 74 73 76 76 76 76 76 76 76 76 82 83 84 85 86 88 89 89 90 92 96 99 100 100 98 97 100 100 100 100 100 100 100 100 96 101 92 102 117 91 90 145 238 248 255 255 255 255 255 255 254
93 82 74 79 92 100 95 87 90 90 90 90 90 90 90 90 90 90 90 90 90 90 90 90 90 90 90 90 90 90 90 90 86 86 86 86 86 86 86 86 88 86 81 77 75 74 75 76 77 77 77 77 77 77 77 77 73 73 74 75 76 77 78 79 82 82 82 82 82 82 82 82 84 85 85 85 85 85 86 86 87 87 87 87 87 87 87 87 84 83 82 81 80 79 78 78 77 77 77 77 77 77 77 77 81 82 83 84 85 87 88 88 90 92 96 99 100 100 98 97 99 99 99 99 99 99 99 99 91 103 97 100 107 83 100 171 242 251 255 255 255 252 251 253 254
96 82 70 72 85 94 93 87 90 90 90 90 90 90 90 90 90 90 90 90 90 90 90 90 90 90 90 90 90 90 90 90 86 86 86 86 86 86 86 86 86 84 80 77 75 75 76 77 78 78 78 78 78 78 78 78 76 76 76 77 77 77 78 78 79 79 79 79 79 79 79 79 83 84 84 85 86 87 88 88 85 85 85 85 85 85 85 85 84 84 84 83 83 83 82 82 78 78 78 78 78 78 78 78 80 80 81 83 84 85 86 87 90 92 96 99 100 100 98 97 97 97 97 97 97 97 97 97 87 105 101 99 98 78 110 195 242 250 255 255 250 245 245 247 254
108 91 73 69 78 87 88 83 90 90 90 90 90 90 90 90 90 90 90 90 90 90 90 90 90 90 90 90 90 90 90 90 86 86 86 86 86 86 86 86 84 82 79 77 76 76 78 79 80 80 80 80 80 80 80 80 76 76 76 76 75 75 74 74 73 73 73 73 73 73 73 73 77 78 79 81 82 84 85 86 81 81 81 81 81 81 81 81 82 82 83 83 83 84 84 84 80 80 80 80 80 80 80 80 78 79 80 81 82 84 85 85 90 92 96 99 100 100 98 97 96 96 96 96 96 96 96 96 87 107 103 98 95 78 117 210 248 254 255 255 251 247 249 253 254
132 111 85 74 78 85 85 81 90 90 90 90 90 90 90 90 90 90 90 90 90 90 90 90 90 90 90 90 90 90 90 90 86 86 86 86 86 86 86 86 83 81 78 76 76 77 80 81 81 81 81 81 81 81 81 81 74 74 73 72 71 70 69 69 65 65 65 65 65 65 65 65 66 67 69 71 74 76 78 79 75 75 75 75 75 75 75 75 78 78 79 80 81 82 83 84 81 81 81 81 81 81 81 81 77 77 78 80 81 82 83 84 90 92 96 99 100 100 98 97 94 94 94 94 94 94 94 94 92 108 102 99 99 84 121 211 253 255 255 255 255 254 255 255 254
163 137 105 87 86 89 87 83 90 90 90 90 90 90 90 90 90 90 90 90 90 90 90 90 90 90 90 90 90 90 90 90 86 86 86 86 86 86 86 86 81 80 77 76 76 78 81 83 82 82 82 82 82 82 82 82 72 71 70 68 66 65 64 63 58 58 58 58 58 58 58 58 55 56 58 61 64 67 69 71 68 68 68 68 68 68 68 68 73 74 75 76 78 80 81 82 82 82 82 82 82 82 82 82 76 76 77 79 80 81 82 83 90 92 96 99 100 100 98 97 93 93 93 93 93 93 93 93 99 110 100 99 106 91 123 205 243 248 251 250 247 248 255 255 254
185 157 121 98 93 94 91 87 90 90 90 90 90 90 90 90 90 90 90 90 90 90 90 90 90 90 90 90 90 90 90 90 86 86 86 86 86 86 86 86 80 79 77 76 76 79 82 84 83 83 83 83 83 83 83 83 69 69 67 65 63 61 60 59 53 53 53 53 53 53 53 53 48 49 52 55 58 61 64 65 64 64 64 64 64 64 64 64 70 71 72 74 76 78 79 80 83 83 83 83 83 83 83 83 75 76 77 78 80 81 82 82 90 92 96 99 100 100 98 97 93 93 93 93 93 93 93 93 104 111 98 100 111 97 122 199 225 230 234 233 231 234 243 251 254
166 167 163 151 131 111 98 92 86 87 88 89 90 91 92 93 86 86 86 86 86 86 86 86 86 86 86 86 86 86 86 86 86 86 86 86 86 86 86 86 79 79 79 79 79 79 79 79 78 78 77 76 76 75 75 74 69 68 65 61 57 53 50 49 47 47 46 44 43 42 41 40 52 52 53 55 56 57 58 59 55 55 55 55 55 55 55 55 54 55 58 61 64 67 70 71 72 76 82 88 90 88 85 83 86 86 86 86 86 86 86 86 82 85 89 94 98 99 99 99 93 93 93 93 93 93 93 93 99 95 94 97 104 124 162 195 233 230 228 220 198 186 209 244 254
163 165 164 155 137 116 98 88 86 87 88 89 90 91 92 93 86 86 86 86 86 86 86 86 86 86 86 86 86 86 86 86 86 86 86 86 86 86 86 86 79 79 79 79 79 79 79 79 78 78 76 75 73 71 70 69 62 61 59 57 54 52 50 49 45 44 43 42 41 39 38 38 44 45 46 47 48 50 51 51 48 48 48 48 48 48 48 48 51 52 54 57 60 63 65 66 70 74 80 85 87 87 84 83 86 86 86 86 86 86 86 86 82 85 90 94 97 99 98 98 93 93 93 93 93 93 93 93 98 96 95 97 105 126 160 189 194 192 196 199 189 186 213 249 254
159 163 166 162 147 124 99 83 86 87 88 89 90 91 92 93 86 86 86 86 86 86 86 86 86 86 86 86 86 86 86 86 86 86 86 86 86 86 86 86 79 79 79 79 79 79 79 79 79 78 75 72 69 65 63 61 51 51 51 51 50 50 50 50 45 45 44 43 41 40 39 38 37 38 39 40 41 43 44 44 41 41 41 41 41 41 41 41 46 47 49 51 54 56 58 59 67 70 75 80 83 84 83 83 85 85 85 85 85 85 85 85 84 86 91 95 97 98 97 96 93 93 93 93 93 93 93 93 96 98 97 96 105 129 158 178 143 142 153 170 178 188 218 253 254
156 161 167 168 158 133 102 80 86 87 88 89 90 91 92 93 86 86 86 86 86 86 86 86 86 86 86 86 86 86 86 86 86 86 86 86 86 86 86 86 79 79 79 79 79 79 79 79 80 78 75 70 65 61 58 56 44 45 46 48 49 51 52 53 53 52 51 50 48 47 46 46 38 39 40 41 42 44 45 45 42 42 42 42 42 42 42 42 45 45 47 48 50 52 53 54 64 66 69 73 77 80 82 82 83 83 83 83 83 83 83 83 86 88 92 95 97 97 96 95 93 93 93 93 93 93 93 93 94 100 99 95 106 133 156 163 110 107 120 148 172 190 220 250 254
158 160 166 171 165 141 106 80 86 87 88 89 90 91 92 93 86 86 86 86 86 86 86 86 86 86 86 86 86 86 86 86 86 86 86 86 86 86 86 86 79 79 79 79 79 79 79 79 80 78 75 70 65 61 58 56 45 46 48 50 53 55 57 57 63 63 62 61 59 58 57 56 48 48 49 50 52 53 54 54 51 51 51 51 51 51 51 51 48 48 49 50 51 52 53 53 60 61 63 66 71 76 80 82 82 82 82 82 82 82 82 82 88 90 93 95 96 96 94 93 93 93 93 93 93 93 93 93 92 103 102 94 107 138 153 147 102 95 106 140 172 193 217 240 254
163 162 164 170 168 147 111 83 86 87 88 89 90 91 92 93 86 86 86 86 86 86 86 86 86 86 86 86 86 86 86 86 86 86 86 86 86 86 86 86 79 79 79 79 79 79 79 79 79 78 75 72 69 65 63 61 54 54 56 58 60 62 63 64 71 70 69 68 66 65 64 64 58 59 60 61 62 64 65 65 62 62 62 62 62 62 62 62 56 56 56 57 57 57 57 57 56 56 57 60 65 72 78 82 80 80 80 80 80 80 80 80 89 91 94 96 96 95 92 91 93 93 93 93 93 93 93 93 89 105 104 92 108 142 150 132 108 94 101 137 175 196 212 226 254
169 163 162 168 169 151 117 88 86 87 88 89 90 91 92 93 86 86 86 86 86 86 86 86 86 86 86 86 86 86 86 86 86 86 86 86 86 86 86 86 79 79 79 79 79 79 79 79 78 78 76 75 73 71 70 69 65 66 66 67 68 69 69 70 71 71 70 68 67 66 65 64 65 65 66 67 69 70 71 71 68 68 68 68 68 68 68 68 65 65 65 65 64 64 64 64 53 52 52 55 61 69 77 82 79 79 79 79 79 79 79 79 91 92 95 96 96 94 91 89 93 93 93 93 93 93 93 93 88 107 106 92 109 145 148 121 112 94 98 136 177 198 208 217 254
173 165 160 165 168 153 120 91 86 87 88 89 90 91 92 93 86 86 86 86 86 86 86 86 86 86 86 86 86 86 86 86 86 86 86 86 86 86 86 86 79 79 79 79 79 79 79 79 78 78 77 76 76 75 75 74 74 74 74 73 73 73 73 73 69 68 67 66 65 63 62 62 66 67 68 69 71 72 73 73 70 70 70 70 70 70 70 70 71 71 71 70 69 69 68 68 51 50 50 52 58 67 77 82 79 79 79 79 79 79 79 79 92 93 95 96 96 93 90 88 93 93 93 93 93 93 93 93 87 108 107 91 109 147 147 115 111 91 94 133 177 199 206 212 254
158 166 167 163 166 163 135 101 82 80 79 85 92 95 90 84 86 86 86 86 86 86 86 86 86 86 86 86 86 86 86 86 83 83 83 83 83 83 83 83 79 79 79 79 79 79 79 79 83 83 83 83 83 83 83 83 76 76 76 76 76 76 76 76 72 72 72 72 72 72 72 72 75 75 75 75 75 75 75 75 71 71 71 71 71 71 71 71 71 72 73 74 76 77 78 78 68 68 68 68 68 68 68 68 82 81 79 79 80 83 87 89 90 92 94 96 96 94 92 90 90 90 90 90 90 90 90 90 84 95 100 101 115 135 135 121 100 113 100 112 168 191 192 216 247
158 166 166 162 166 164 137 104 84 81 79 84 91 94 90 84 86 86 86 86 86 86 86 86 86 86 86 86 86 86 86 86 83 83 83 83 83 83 83 83 79 79 79 79 79 79 79 79 82 82 82 82 82 82 82 82 76 76 76 76 76 76 76 76 72 72 72 72 72 72 72 72 77 77 77 77 77 77 77 77 74 74 74 74 74 74 74 74 74 74 75 77 78 79 80 81 75 75 75 75 75 75 75 75 82 81 79 79 80 83 87 89 90 92 94 96 96 94 92 90 90 90 90 90 90 90 90 90 84 95 100 101 115 134 134 119 101 113 99 111 166 190 192 216 248
158 165 165 161 166 166 141 109 87 82 80 83 90 93 89 84 86 86 86 86 86 86 86 86 86 86 86 86 86 86 86 86 83 83 83 83 83 83 83 83 79 79 79 79 79 79 79 79 81 81 81 81 81 81 81 81 76 76 76 76 76 76 76 76 72 72 72 72 72 72 72 72 79 79 79 79 79 79 79 79 77 77 77 77 77 77 77 77 77 78 79 80 81 83 84 84 83 83 83 83 83 83 83 83 82 81 79 79 80 83 87 89 90 92 94 96 96 94 92 90 90 90 90 90 90 90 90 90 85 95 99 100 113 132 131 117 101 113 97 108 164 188 192 217 251
158 164 163 160 166 169 147 116 91 85 80 81 87 91 89 85 86 86 86 86 86 86 86 86 86 86 86 86 86 86 86 86 83 83 83 83 83 83 83 83 79 79 79 79 79 79 79 79 80 80 80 80 80 80 80 80 76 76 76 76 76 76 76 76 72 72 72 72 72 72 72 72 80 80 80 80 80 80 80 80 80 80 80 80 80 80 80 80 80 80 81 82 84 85 86 87 85 85 85 85 85 85 85 85 82 81 79 79 80 83 87 89 90 92 94 96 96 94 92 90 90 90 90 90 90 90 90 90 85 95 99 99 112 130 128 114 102 112 95 105 160 186 191 217 252
157 163 162 158 166 171 152 124 95 88 80 79 84 89 88 85 86 86 86 86 86 86 86 86 86 86 86 86 86 86 86 86 83 83 83 83 83 83 83 83 79 79 79 79 79 79 79 79 78 78 78 78 78 78 78 78 76 76 76 76 76 76 76 76 72 72 72 72 72 72 72 72 79 79 79 79 79 79 79 79 80 80 80 80 80 80 80 80 80 80 81 82 84 85 86 87 81 81 81 81 81 81 81 81 82 81 79 79 80 83 87 89 90 92 94 96 96 94 92 90 90 90 90 90 90 90 90 90 86 96 99 98 110 127 125 110 103 112 93 101 157 184 191 218 250
157 162 160 157 166 174 158 131 99 90 80 78 82 87 87 85 86 86 86 86 86 86 86 86 86 86 86 86 86 86 86 86 83 83 83 83 83 83 83 83 79 79 79 79 79 79 79 79 77 77 77 77 77 77 77 77 76 76 76 76 76 76 76 76 72 72 72 72 72 72 72 72 75 75 75 75 75 75 75 75 77 77 77 77 77 77 77 77 77 78 79 80 81 83 84 84 78 78 78 78 78 78 78 78 82 81 79 79 80 83 87 89 90 92 94 96 96 94 92 90 90 90 90 90 90 90 90 90 86 96 98 97 108 125 122 107 104 111 90 98 153 182 190 219 247
157 161 159 156 166 176 162 137 102 92 80 76 80 85 87 85 86 86 86 86 86 86 86 86 86 86 86 86 86 86 86 86 83 83 83 83 83 83 83 83 79 79 79 79 79 79 79 79 76 76 76 76 76 76 76 76 76 76 76 76 76 76 76 76 72 72 72 72 72 72 72 72 71 71 71 71 71 71 71 71 74 74 74 74 74 74 74 74 74 74 75 77 78 79 80 81 80 80 80 80 80 80 80 80 82 81 79 79 80 83 87 89 90 92 94 96 96 94 92 90 90 90 90 90 90 90 90 90 87 96 98 96 107 123 120 105 104 111 89 95 151 180 190 220 242
157 161 158 155 166 177 164 140 104 93 80 76 79 84 86 85 86 86 86 86 86 86 86 86 86 86 86 86 86 86 86 86 83 83 83 83 83 83 83 83 79 79 79 79 79 79 79 79 75 75 75 75 75 75 75 75 76 76 76 76 76 76 76 76 72 72 72 72 72 72 72 72 68 68 68 68 68 68 68 68 71 71 71 71 71 71 71 71 71 72 73 74 76 77 78 78 82 82 82 82 82 82 82 82 82 81 79 79 80 83 87 89 90 92 94 96 96 94 92 90 90 90 90 90 90 90 90 90 87 96 98 96 106 122 119 103 105 111 88 94 149 179 190 220 239
160 160 161 162 164 165 166 166 130 98 74 74 79 75 75 82 83 83 83 83 83 83 83 83 86 85 84 83 82 81 80 79 86 86 86 86 86 86 86 86 79 78 77 76 75 74 73 72 69 69 70 71 73 74 75 75 76 76 76 76 76 76 76 76 72 71 70 69 68 66 65 65 65 65 65 65 65 65 65 65 69 69 69 69 69 69 69 69 72 73 74 75 76 77 78 79 79 79 79 79 79 79 79 79 76 76 77 78 80 81 82 82 90 90 90 90 90 90 90 90 90 90 90 90 90 90 90 90 83 90 100 110 115 114 110 107 102 111 104 97 130 186 209 196 229
160 160 161 162 164 165 166 166 131 99 74 74 79 75 75 81 82 82 82 82 82 82 82 82 86 85 84 83 82 81 80 79 86 86 86 86 86 86 86 86 79 78 77 76 75 74 73 72 69 69 70 71 73 74 75 75 76 76 76 76 76 76 76 76 72 72 71 70 68 67 66 65 64 64 64 64 64 64 64 64 67 67 67 67 67 67 67 67 72 73 74 75 76 77 78 79 79 79 79 79 79 79 79 79 76 76 77 78 80 81 82 82 90 90 90 90 90 90 90 90 90 90 90 90 90 90 90 90 84 91 101 110 115 114 110 106 103 112 104 96 129 186 209 197 230
160 160 161 162 164 165 166 166 132 100 75 75 79 74 73 80 81 81 81 81 81 81 81 81 86 85 84 83 82 81 80 79 85 85 85 85 85 85 85 85 79 78 77 76 75 74 73 72 69 69 70 71 73 74 75 75 76 76 76 76 76 76 76 76 73 73 72 71 69 68 67 66 61 61 61 61 61 61 61 61 65 65 65 65 65 65 65 65 72 73 74 75 76 77 78 79 78 78 78 78 78 78 78 78 76 76 77 78 80 81 82 82 90 90 90 90 90 90 90 90 90 90 90 90 90 90 90 90 86 93 103 112 116 114 110 106 104 112 103 94 127 185 210 199 230
160 160 161 162 164 165 166 166 134 102 76 75 78 73 72 78 80 80 80 80 80 80 80 80 86 85 84 83 82 81 80 79 83 83 83 83 83 83 83 83 79 78 77 76 75 74 73 72 69 69 70 71 73 74 75 75 76 76 76 76 76 76 76 76 75 74 73 72 71 69 68 68 60 60 60 60 60 60 60 60 64 64 64 64 64 64 64 64 72 73 74 75 76 77 78 79 76 76 76 76 76 76 76 76 76 76 77 78 80 81 82 82 90 90 90 90 90 90 90 90 90 90 90 90 90 90 90 90 90 96 105 114 117 114 109 105 106 113 102 92 125 185 211 201 229
160 160 161 162 164 165 166 166 136 103 77 76 78 72 70 76 78 78 78 78 78 78 78 78 86 85 84 83 82 81 80 79 82 82 82 82 82 82 82 82 79 78 77 76 75 74 73 72 69 69 70 71 73 74 75 75 76 76 76 76 76 76 76 76 76 76 75 73 72 71 70 69 62 62 62 62 62 62 62 62 65 65 65 65 65 65 65 65 72 73 74 75 76 77 78 79 75 75 75 75 75 75 75 75 76 76 77 78 80 81 82 82 90 90 90 90 90 90 90 90 90 90 90 90 90 90 90 90 93 99 108 115 118 115 109 105 109 114 101 90 123 184 212 203 224
160 160 161 162 164 165 166 166 138 105 78 76 77 71 69 74 77 77 77 77 77 77 77 77 86 85 84 83 82 81 80 79 80 80 80 80 80 80 80 80 79 78 77 76 75 74 73 72 69 69 70 71 73 74 75 75 76 76 76 76 76 76 76 76 78 77 76 75 73 72 71 71 65 65 65 65 65 65 65 65 69 69 69 69 69 69 69 69 72 73 74 75 76 77 78 79 73 73 73 73 73 73 73 73 76 76 77 78 80 81 82 82 90 90 90 90 90 90 90 90 90 90 90 90 90 90 90 90 96 102 110 117 119 115 109 104 111 115 101 88 121 183 213 205 218
160 160 161 162 164 165 166 166 139 106 79 76 77 70 67 73 76 76 76 76 76 76 76 76 86 85 84 83 82 81 80 79 79 79 79 79 79 79 79 79 79 78 77 76 75 74 73 72 69 69 70 71 73 74 75 75 76 76 76 76 76 76 76 76 79 78 77 76 74 73 72 72 70 70 70 70 70 70 70 70 73 73 73 73 73 73 73 73 72 73 74 75 76 77 78 79 72 72 72 72 72 72 72 72 76 76 77 78 80 81 82 82 90 90 90 90 90 90 90 90 90 90 90 90 90 90 90 90 99 104 112 118 119 115 109 104 112 116 100 86 119 182 213 207 212
160 160 161 162 164 165 166 166 140 107 79 76 77 70 67 72 75 75 75 75 75 75 75 75 86 85 84 83 82 81 80 79 79 79 79 79 79 79 79 79 79 78 77 76 75 74 73 72 69 69 70 71 73 74 75 75 76 76 76 76 76 76 76 76 79 79 78 76 75 74 73 72 73 73 73 73 73 73 73 73 76 76 76 76 76 76 76 76 72 73 74 75 76 77 78 79 72 72 72 72 72 72 72 72 76 76 77 78 80 81 82 82 90 90 90 90 90 90 90 90 90 90 90 90 90 90 90 90 100 105 113 119 120 115 109 104 113 116 100 86 119 182 214 208 208
160 160 160 160 160 160 160 160 132 101 78 78 81 74 70 74 70 69 68 68 70 74 78 80 73 75 78 81 83 82 81 80 79 79 79 79 79 79 79 79 75 75 74 73 71 70 69 69 72 72 72 72 72 72 72 72 73 74 77 78 78 77 74 73 79 79 79 79 79 79 79 79 72 72 72 72 72 72 72 72 72 72 72 72 72 72 72 72 76 76 76 76 76 76 76 76 76 76 76 76 76 76 76 76 81 80 80 79 79 78 78 77 86 87 88 89 90 91 92 93 81 90 95 89 79 80 94 109 114 117 120 123 124 124 122 121 109 124 115 94 119 179 208 197 202
160 160 160 160 160 160 160 160 133 102 78 79 81 74 70 75 71 70 68 68 70 73 77 79 73 75 78 81 83 82 81 80 79 79 79 79 79 79 79 79 75 75 74 73 71 70 69 69 72 72 72 72 72 72 72 72 73 74 77 78 78 77 74 73 79 79 79 79 79 79 79 79 72 72 72 72 72 72 72 72 72 72 72 72 72 72 72 72 76 76 76 76 76 76 76 76 76 76 76 76 76 76 76 76 80 80 79 79 79 79 78 78 86 87 88 89 90 91 92 93 81 85 89 90 88 88 92 96 102 104 108 111 112 112 110 109 95 111 105 92 120 180 210 202 202
160 160 160 160 160 160 160 160 134 103 79 80 82 75 71 76 72 71 69 68 70 72 76 78 73 75 78 81 83 82 81 80 79 79 79 79 79 79 79 79 75 75 74 73 71 70 69 69 72 72 72 72 72 72 72 72 73 74 77 78 78 77 74 73 78 78 78 78 78 78 78 78 72 72 72 72 72 72 72 72 72 72 72 72 72 72 72 72 76 76 76 76 76 76 76 76 76 76 76 76 76 76 76 76 78 78 79 79 79 79 80 80 86 87 88 89 90 91 92 93 80 83 87 90 91 93 95 97 124 126 130 133 134 134 132 131 123 134 127 114 137 185 209 201 202
160 160 160 160 160 160 160 160 135 104 81 81 84 76 73 77 74 72 70 69 69 71 74 76 73 75 78 81 83 82 81 80 79 79 79 79 79 79 79 79 75 75 74 73 71 70 69 69 72 72 72 72 72 72 72 72 73 74 77 78 78 77 74 73 76 76 76 76 76 76 76 76 72 72 72 72 72 72 72 72 72 72 72 72 72 72 72 72 76 76 76 76 76 76 76 76 76 76 76 76 76 76 76 76 77 77 78 79 79 80 81 81 86 87 88 89 90 91 92 93 78 87 92 86 79 86 110 131 187 189 192 195 197 196 195 194 193 195 181 163 170 196 206 196 202
160 160 160 160 160 160 160 160 136 105 82 82 85 78 74 78 76 74 71 69 69 70 72 74 73 75 78 81 83 82 81 80 79 79 79 79 79 79 79 79 75 75 74 73 71 70 69 69 72 72 72 72 72 72 72 72 73 74 77 78 78 77 74 73 75 75 75 75 75 75 75 75 72 72 72 72 72 72 72 72 72 72 72 72 72 72 72 72 76 76 76 76 76 76 76 76 76 76 76 76 76 76 76 76 75 75 76 78 80 82 83 83 86 87 88 89 90 91 92 93 79 94 100 82 65 83 138 189 238 240 244 247 248 248 246 245 242 236 219 201 199 207 206 196 202
160 160 160 160 160 160 160 160 138 107 83 84 87 79 75 80 78 76 72 70 68 69 71 72 73 75 78 81 83 82 81 80 79 79 79 79 79 79 79 79 75 75 74 73 71 70 69 69 72 72 72 72 72 72 72 72 73 74 77 78 78 77 74 73 73 73 73 73 73 73 73 73 72 72 72 72 72 72 72 72 72 72 72 72 72 72 72 72 76 76 76 76 76 76 76 76 76 76 76 76 76 76 76 76 73 74 75 78 80 83 84 85 86 87 88 89 90 91 92 93 85 96 97 80 72 104 175 236 250 252 255 255 255 255 255 255 242 233 220 211 210 210 206 200 202
160 160 160 160 160 160 160 160 139 108 84 85 88 80 76 81 79 77 73 70 68 68 70 71 73 75 78 81 83 82 81 80 79 79 79 79 79 79 79 79 75 75 74 73 71 70 69 69 72 72 72 72 72 72 72 72 73 74 77 78 78 77 74 73 72 72 72 72 72 72 72 72 72 72 72 72 72 72 72 72 72 72 72 72 72 72 72 72 76 76 76 76 76 76 76 76 76 76 76 76 76 76 76 76 71 72 75 77 81 83 86 87 86 87 88 89 90 91 92 93 93 89 81 81 100 148 210 254 245 247 250 253 255 254 253 252 232 221 212 210 210 205 199 196 202
160 160 160 160 160 160 160 160 139 108 85 85 88 81 77 81 80 78 74 70 68 68 69 70 73 75 78 81 83 82 81 80 79 79 79 79 79 79 79 79 75 75 74 73 71 70 69 69 72 72 72 72 72 72 72 72 73 74 77 78 78 77 74 73 72 72 72 72 72 72 72 72 72 72 72 72 72 72 72 72 72 72 72 72 72 72 72 72 76 76 76 76 76 76 76 76 76 76 76 76 76 76 76 76 70 72 74 77 81 84 86 88 86 87 88 89 90 91 92 93 100 81 67 82 128 185 230 253 245 247 251 254 255 255 253 252 236 222 212 212 209 199 190 187 202
160 160 160 160 160 160 160 160 136 108 88 91 95 87 82 85 101 80 58 53 64 77 81 78 102 95 89 84 78 72 74 80 79 79 79 79 79 79 79 79 75 75 74 73 71 70 69 69 69 69 70 71 73 74 75 75 76 76 76 76 76 76 76 76 72 72 72 72 72 72 72 72 72 72 72 72 72 72 72 72 72 72 72 72 72 72 72 72 76 76 76 76 76 76 76 76 72 72 72 72 72 72 72 72 76 76 77 78 80 81 82 82 86 86 86 86 86 86 86 86 95 80 78 112 169 213 227 223 229 235 244 251 254 251 246 242 227 224 220 213 207 200 196 193 209
160 160 160 160 160 160 160 160 136 108 88 91 95 87 82 85 70 74 78 78 77 76 78 80 149 152 128 86 66 76 81 72 79 79 79 79 79 79 79 79 75 75 74 73 71 70 69 69 69 69 70 71 73 74 75 75 75 75 75 75 75 75 75 75 72 72 72 72 72 72 72 72 72 72 72 72 72 72 72 72 72 72 72 72 72 72 72 72 76 76 76 76 76 76 76 76 72 72 72 72 72 72 72 72 76 76 77 78 80 81 82 82 86 86 86 86 86 86 86 86 91 82 86 122 174 213 223 217 222 230 244 255 255 255 255 252 234 231 227 221 215 209 205 203 224
160 160 160 160 160 160 160 160 136 108 88 91 95 87 82 85 62 75 86 84 77 79 97 115 171 177 148 92 66 79 86 75 78 78 78 78 78 78 78 78 75 75 74 73 71 70 69 69 69 69 70 71 73 74 75 75 74 74 74 74 74 74 74 74 72 72 72 72 72 72 72 72 72 72 72 72 72 72 72 72 72 72 72 72 72 72 72 72 76 76 76 76 76 76 76 76 72 72 72 72 72 72 72 72 76 76 77 78 80 81 82 82 86 86 86 86 86 86 86 86 88 87 99 134 177 206 209 202 201 213 233 251 255 255 255 254 244 242 238 234 228 224 220 218 243
160 160 160 160 160 160 160 160 136 108 88 91 95 87 82 85 86 84 77 71 76 100 137 164 140 135 129 116 94 76 77 88 76 76 76 76 76 76 76 76 75 75 74 73 71 70 69 69 69 69 70 71 73 74 75 75 73 73 73 73 73 73 73 73 72 72 72 72 72 72 72 72 72 72 72 72 72 72 72 72 72 72 72 72 72 72 72 72 76 76 76 76 76 76 76 76 72 72 72 72 72 72 72 72 76 76 77 78 80 81 82 82 86 86 86 86 86 86 86 86 88 94 111 140 170 187 187 180 181 195 218 240 253 255 253 249 253 251 249 246 242 239 236 235 255
160 160 160 160 160 160 160 160 136 108 88 91 95 87 82 85 98 86 76 84 109 139 162 172 107 88 111 154 135 70 56 93 75 75 75 75 75 75 75 75 75 75 74 73 71 70 69 69 69 69 70 71 73 74 75 75 71 71 71 71 71 71 71 71 72 72 72 72 72 72 72 72 72 72 72 72 72 72 72 72 72 72 72 72 72 72 72 72 76 76 76 76 76 76 76 76 72 72 72 72 72 72 72 72 76 76 77 78 80 81 82 82 86 86 86 86 86 86 86 86 91 100 117 137 155 166 170 170 186 199 220 239 252 255 253 250 255 255 255 253 252 250 248 248 255
160 160 160 160 160 160 160 160 136 108 88 91 95 87 82 85 85 87 100 127 156 165 153 136 102 92 124 169 144 68 46 80 73 73 73 73 73 73 73 73 75 75 74 73 71 70 69 69 69 69 70 71 73 74 75 75 70 70 70 70 70 70 70 70 72 72 72 72 72 72 72 72 72 72 72 72 72 72 72 72 72 72 72 72 72 72 72 72 76 76 76 76 76 76 76 76 72 72 72 72 72 72 72 72 76 76 77 78 80 81 82 82 86 86 86 86 86 86 86 86 92 102 117 130 142 157 173 185 217 225 238 250 255 255 255 255 255 255 255 255 255 255 255 255 255
160 160 160 160 160 160 160 160 136 108 88 91 95 87 82 85 85 102 129 153 162 151 128 110 101 127 146 133 100 72 61 59 72 72 72 72 72 72 72 72 75 75 74 73 71 70 69 69 69 69 70 71 73 74 75 75 69 69 69 69 69 69 69 69 72 72 72 72 72 72 72 72 72 72 72 72 72 72 72 72 72 72 72 72 72 72 72 72 76 76 76 76 76 76 76 76 72 72 72 72 72 72 72 72 76 76 77 78 80 81 82 82 86 86 86 86 86 86 86 86 89 100 114 124 137 162 197 222 246 248 251 254 255 255 255 255 253 254 254 255 255 255 255 255 253
160 160 160 160 160 160 160 160 136 108 88 91 95 87 82 85 102 123 146 150 136 119 111 111 89 152 155 83 48 77 82 46 72 72 72 72 72 72 72 72 75 75 74 73 71 70 69 69 69 69 70 71 73 74 75 75 68 68 68 68 68 68 68 68 72 72 72 72 72 72 72 72 72 72 72 72 72 72 72 72 72 72 72 72 72 72 72 72 76 76 76 76 76 76 76 76 72 72 72 72 72 72 72 72 76 76 77 78 80 81 82 82 86 86 86 86 86 86 86 86 86 98 111 121 137 172 219 254 255 255 252 249 248 248 250 251 251 251 252 253 254 255 255 255 253
156 156 156 156 156 156 156 156 140 112 91 91 95 98 112 131 114 145 166 146 102 78 93 120 133 120 99 79 66 63 66 70 64 64 66 68 70 72 73 74 65 66 67 68 69 71 72 72 65 66 67 68 69 70 71 72 72 71 70 69 68 66 65 65 70 69 68 66 64 62 60 60 69 69 69 69 69 69 69 69 72 72 72 72 72 72 72 72 76 76 76 76 76 76 76 76 72 72 72 72 72 72 72 72 76 76 77 78 80 81 82 83 79 80 81 82 83 84 85 86 86 97 118 147 180 212 237 252 253 253 253 254 255 255 255 255 255 255 251 248 250 255 255 255 255
156 156 156 156 156 156 156 156 134 110 92 93 99 108 130 156 158 143 124 110 108 117 132 141 109 100 86 73 65 64 67 70 64 64 66 67 69 71 72 72 65 65 66 67 69 70 71 72 65 66 67 68 69 70 71 72 72 72 71 70 68 67 66 65 68 67 67 66 65 64 64 63 69 69 69 69 69 69 69 69 72 72 72 72 72 72 72 72 75 75 75 75 75 75 75 75 72 72 72 72 72 72 72 72 75 76 77 78 79 81 82 82 79 80 81 82 83 84 85 86 69 96 136 173 201 223 242 254 255 255 255 255 255 255 255 255 253 252 252 251 250 249 248 247 248
156 156 156 156 156 156 156 156 132 107 92 101 117 130 151 173 167 127 91 94 129 154 146 127 82 79 74 69 67 66 67 68 64 65 65 66 68 69 69 70 64 64 65 66 68 69 70 71 65 66 67 68 69 70 71 72 73 73 72 71 69 68 67 66 64 65 65 66 67 68 68 69 69 69 69 69 69 69 69 69 71 71 71 71 71 71 71 71 74 74 74 74 74 74 74 74 72 72 72 72 72 72 72 72 74 75 76 77 78 80 81 81 79 80 81 82 83 84 85 86 66 114 178 224 241 245 250 255 255 255 255 255 255 255 255 255 251 254 255 255 255 255 251 248 255
156 156 156 156 156 156 156 156 138 106 92 115 147 159 158 158 130 113 104 122 147 147 115 80 71 72 72 72 71 69 66 65 65 65 65 66 66 66 67 67 62 63 64 65 66 68 69 69 65 66 67 68 69 70 71 72 75 74 73 72 71 69 68 68 63 63 65 67 69 71 72 73 69 69 69 69 69 69 69 69 69 69 69 69 69 69 69 69 73 73 73 73 73 73 73 73 72 72 72 72 72 72 72 72 73 73 74 76 77 78 79 80 79 80 81 82 83 84 85 86 58 122 204 255 255 253 246 246 249 248 247 247 246 245 244 244 248 250 253 255 255 255 255 254 255
156 156 156 156 156 156 156 156 145 110 98 132 172 175 149 126 114 129 145 148 132 106 82 68 76 78 79 79 76 71 65 62 65 65 65 64 64 64 63 63 61 61 62 64 65 66 67 68 65 66 67 68 69 70 71 72 76 76 75 73 72 71 70 69 64 65 66 68 70 72 74 74 69 69 69 69 69 69 69 69 68 68 68 68 68 68 68 68 71 71 71 71 71 71 71 71 72 72 72 72 72 72 72 72 71 72 73 74 75 77 78 78 79 80 81 82 83 84 85 86 43 111 199 255 255 255 249 248 252 251 250 248 247 245 244 243 255 255 252 249 247 248 249 250 252
156 156 156 156 156 156 156 156 141 118 115 145 171 162 134 115 141 156 162 137 97 72 77 93 83 83 83 81 77 72 67 64 66 65 65 64 62 61 61 60 59 60 61 62 64 65 66 66 65 66 67 68 69 70 71 72 78 77 76 75 73 72 71 71 68 69 69 70 71 72 72 73 69 69 69 69 69 69 69 69 66 66 66 66 66 66 66 66 70 70 70 70 70 70 70 70 72 72 72 72 72 72 72 72 70 70 71 73 74 75 76 77 79 80 81 82 83 84 85 86 58 114 191 246 255 255 255 255 255 255 255 255 255 254 252 251 255 255 255 255 255 255 255 255 255
156 156 156 156 156 156 156 156 125 126 139 151 143 124 124 138 158 152 134 106 81 73 83 96 81 80 78 75 73 72 71 70 66 66 64 63 61 59 58 58 58 59 60 61 63 64 65 65 65 66 67 68 69 70 71 72 79 78 77 76 74 73 72 72 74 73 73 72 71 70 70 69 69 69 69 69 69 69 69 69 65 65 65 65 65 65 65 65 69 69 69 69 69 69 69 69 72 72 72 72 72 72 72 72 69 69 70 72 73 74 75 76 79 80 81 82 83 84 85 86 80 114 161 199 216 217 211 207 205 204 201 199 196 193 190 189 178 193 216 238 252 255 251 247 254
156 156 156 156 156 156 156 156 109 132 157 152 115 92 121 168 149 126 99 86 88 89 81 71 75 73 71 69 69 71 74 76 66 66 64 62 60 58 57 56 58 58 59 61 62 63 64 65 65 66 67 68 69 70 71 72 79 79 78 76 75 74 73 72 77 77 75 73 71 69 68 67 69 69 69 69 69 69 69 69 65 65 65 65 65 65 65 65 68 68 68 68 68 68 68 68 72 72 72 72 72 72 72 72 68 69 70 71 73 74 75 75 79 80 81 82 83 84 85 86 76 90 112 130 137 132 121 112 101 100 97 94 91 88 85 84 58 88 135 182 214 225 221 216 219
157 154 155 161 166 160 142 127 143 120 109 123 138 144 153 166 89 89 88 87 85 84 83 83 79 78 77 76 75 74 73 72 72 71 70 69 68 67 66 65 56 56 57 58 58 59 59 59 62 62 63 65 66 67 68 69 72 72 72 72 72 72 72 72 74 73 72 70 68 66 64 64 69 69 69 69 69 69 69 69 65 65 65 65 65 65 65 65 72 72 72 72 72 72 72 72 74 73 72 70 68 66 64 64 65 65 66 68 69 70 71 72 79 80 82 85 87 90 92 93 95 96 104 119 134 143 142 138 159 161 164 168 172 175 178 180 203 206 206 199 182 158 134 119 117
150 157 160 151 137 133 143 156 165 128 105 118 138 139 129 124 89 89 88 87 85 84 83 83 79 78 77 76 75 74 73 72 72 71 70 69 68 67 66 65 58 58 58 58 59 59 59 59 61 61 62 63 65 66 67 68 71 71 71 71 71 71 71 71 72 72 71 69 67 66 64 64 68 68 68 68 68 68 68 68 65 65 65 65 65 65 65 65 71 71 71 71 71 71 71 71 72 72 71 69 67 66 64 64 65 66 67 68 70 71 72 72 79 80 82 85 87 90 92 93 85 106 141 176 202 217 223 224 222 223 225 227 230 232 234 235 249 252 255 255 249 236 223 214 245
144 159 163 140 110 110 147 185 155 112 85 101 127 126 104 87 89 89 88 87 85 84 83 83 79 78 77 76 75 74 73 72 72 71 70 69 68 67 66 65 60 60 60 60 59 59 59 59 59 59 60 61 63 64 65 66 69 69 69 69 69 69 69 69 70 69 69 68 66 65 65 64 67 67 67 67 67 67 67 67 64 64 64 64 64 64 64 64 69 69 69 69 69 69 69 69 70 69 69 68 66 65 65 64 66 67 68 69 71 72 73 73 79 80 82 85 87 90 92 93 79 119 174 216 235 237 236 237 244 245 245 245 245 246 246 246 231 236 243 252 255 255 255 255 249
146 158 160 138 113 115 152 189 109 80 66 86 109 107 93 85 89 89 88 87 85 84 83 83 79 78 77 76 75 74 73 72 72 71 70 69 68 67 66 65 63 63 62 61 60 59 59 58 56 56 57 59 60 61 62 63 66 66 66 66 66 66 66 66 67 67 66 66 66 65 65 65 66 66 66 66 66 66 66 66 62 62 62 62 62 62 62 62 66 66 66 66 66 66 66 66 67 67 66 66 66 65 65 65 68 68 69 71 72 73 74 75 79 80 82 85 87 90 92 93 78 128 193 235 243 234 227 226 226 225 224 222 221 219 218 217 253 251 246 242 238 235 234 234 241
154 155 153 146 140 143 155 167 86 76 78 93 98 91 93 104 89 89 88 87 85 84 83 83 79 78 77 76 75 74 73 72 72 71 70 69 68 67 66 65 67 66 65 63 61 60 58 58 53 54 55 56 57 59 60 60 64 64 64 64 64 64 64 64 63 63 64 64 64 65 65 65 64 64 64 64 64 64 64 64 61 61 61 61 61 61 61 61 64 64 64 64 64 64 64 64 63 63 64 64 64 65 65 65 69 70 71 72 73 75 76 76 79 80 82 85 87 90 92 93 73 121 183 222 231 225 222 223 246 245 243 241 238 236 234 233 208 197 178 155 133 115 103 97 66
157 151 148 153 162 163 152 141 105 99 102 107 97 84 92 113 89 89 88 87 85 84 83 83 79 78 77 76 75 74 73 72 72 71 70 69 68 67 66 65 70 69 67 65 62 60 58 57 50 51 52 53 55 56 57 57 61 61 61 61 61 61 61 61 60 61 61 62 64 65 65 66 63 63 63 63 63 63 63 63 59 59 59 59 59 59 59 59 61 61 61 61 61 61 61 61 60 61 61 62 64 65 65 66 71 71 72 73 75 76 77 78 79 80 82 85 87 90 92 93 72 97 126 141 137 127 122 121 70 70 68 66 64 63 61 60 69 64 55 46 37 31 27 26 37
154 149 148 155 162 159 143 128 125 108 98 100 97 88 91 105 89 89 88 87 85 84 83 83 79 78 77 76 75 74 73 72 72 71 70 69 68 67 66 65 72 71 69 66 63 60 58 57 48 49 50 51 53 54 55 55 59 59 59 59 59 59 59 59 58 58 59 61 63 64 66 66 62 62 62 62 62 62 62 62 58 58 58 58 58 58 58 58 59 59 59 59 59 59 59 59 58 58 59 61 63 64 66 66 72 72 73 74 76 77 78 79 79 80 82 85 87 90 92 93 90 85 75 62 48 37 30 27 53 52 52 51 50 49 49 49 35 38 45 53 61 69 74 77 57
149 149 151 153 152 146 135 127 125 94 73 81 93 93 92 96 89 89 88 87 85 84 83 83 79 78 77 76 75 74 73 72 72 71 70 69 68 67 66 65 74 72 70 67 63 60 58 57 47 48 49 50 51 53 54 54 58 58 58 58 58 58 58 58 56 57 58 60 62 64 66 66 61 61 61 61 61 61 61 61 58 58 58 58 58 58 58 58 58 58 58 58 58 58 58 58 56 57 58 60 62 64 66 66 72 73 74 75 76 78 79 79 79 80 82 85 87 90 92 93 113 94 68 50 46 49 52 53 55 55 55 55 56 56 56 56 59 61 63 64 63 60 57 55 68
151 149 149 153 157 154 145 136 104 96 89 88 92 95 92 88 87 88 89 90 88 85 82 80 79 79 79 79 79 79 79 79 72 71 70 69 68 67 66 65 68 68 67 66 64 63 62 62 58 57 56 55 54 52 51 51 51 51 51 51 51 51 51 51 51 51 51 51 51 51 51 51 51 51 51 51 51 51 51 51 55 55 55 55 55 55 55 55 51 51 52 54 55 56 57 58 65 66 67 68 69 70 71 72 76 76 77 78 80 81 82 82 79 80 82 85 87 90 92 93 108 104 85 62 59 71 71 59 69 67 64 62 61 62 65 66 64 65 65 66 67 68 68 68 72
151 149 149 153 157 154 145 136 104 96 89 88 92 95 92 88 87 88 89 90 88 85 82 80 79 79 79 79 79 79 79 79 72 71 70 69 68 67 66 65 68 68 67 66 64 63 62 62 58 58 57 56 54 53 52 51 51 51 51 51 51 51 51 51 51 51 51 51 51 51 51 51 51 51 51 51 51 51 51 51 54 54 54 54 54 54 54 54 51 52 53 54 56 57 58 58 65 66 67 68 69 70 71 72 76 76 77 78 80 81 82 82 79 80 82 85 87 90 92 93 102 99 82 62 61 75 76 64 61 59 55 52 52 54 57 59 44 45 47 49 52 54 56 57 55
151 149 149 153 157 154 145 136 104 96 89 88 92 95 92 88 87 88 89 90 88 85 82 80 79 79 79 79 79 79 79 79 72 71 70 69 68 67 66 65 68 68 67 66 64 63 62 62 59 59 58 57 55 54 53 52 51 51 51 51 51 51 51 51 51 51 51 51 51 51 51 51 51 51 51 51 51 51 51 51 53 53 53 53 53 53 53 53 52 53 54 55 57 58 59 59 65 66 67 68 69 70 71 72 76 76 77 78 80 81 82 82 79 80 82 85 87 90 92 93 105 104 91 75 77 93 95 84 64 61 56 53 54 57 62 65 68 70 74 79 84 89 93 95 96
151 149 149 153 157 154 145 136 104 96 89 88 92 95 92 88 87 88 89 90 88 85 82 80 79 79 79 79 79 79 79 79 72 71 70 69 68 67 66 65 68 68 67 66 64 63 62 62 61 60 59 58 57 55 54 54 51 51 51 51 51 51 51 51 51 51 51 51 51 51 51 51 51 51 51 51 51 51 51 51 52 52 52 52 52 52 52 52 54 54 55 57 58 59 60 61 65 66 67 68 69 70 71 72 76 76 77 78 80 81 82 82 79 80 82 85 87 90 92 93 115 117 108 96 102 120 122 111 81 77 71 67 68 74 81 86 109 113 118 126 134 142 147 151 161
