142 142 142 138 125 102 73 53 32 35 39 42 44 45 44 43 44 44 43 41 40 39 38 37 30 30 30 30 30 30 30 30 30 30 30 30 30 30 30 30 30 30 30 30 30 30 30 30 30 30 30 30 30 30 30 30 33 33 32 31 29 28 27 27 27 27 27 27 27 27 27 27 23 23 23 23 23 23 23 23 27 27 27 27 27 27 27 27 34 34 35 36 38 39 40 41 41 41 42 43 45 46 47 48 44 45 46 47 48 49 50 51 51 52 53 54 55 56 57 58 63 62 63 69 81 96 112 121 200 220 244 255 255 250 248 249 255 255 255 255 255 255 255 255 255
144 144 142 135 120 95 67 49 33 36 39 43 44 44 43 42 44 43 42 41 39 38 37 37 30 30 30 30 30 30 30 30 30 30 30 30 30 30 30 30 30 30 30 30 30 30 30 30 30 30 30 30 30 30 30 30 33 33 32 31 29 28 27 27 27 27 27 27 27 27 27 27 23 23 23 23 23 23 23 23 27 27 27 27 27 27 27 27 33 34 35 36 37 39 40 40 40 41 42 43 44 46 47 47 44 45 46 47 48 49 50 51 51 52 53 54 55 56 57 58 63 62 63 67 77 91 104 112 162 201 246 255 255 245 249 255 255 255 255 255 255 255 255 255 255
146 145 141 129 109 83 58 43 35 37 40 43 44 43 42 40 43 42 41 40 38 37 36 36 30 30 30 30 30 30 30 30 30 30 30 30 30 30 30 30 30 30 30 30 30 30 30 30 30 30 30 30 30 30 30 30 33 33 32 31 29 28 27 27 27 27 27 27 27 27 27 27 24 24 24 24 24 24 24 24 27 27 27 27 27 27 27 27 32 33 34 35 36 38 39 39 39 40 41 42 43 45 46 46 44 45 46 47 48 49 50 51 51 52 53 54 55 56 57 58 63 62 62 65 72 82 92 98 124 179 243 255 255 241 246 255 255 255 255 255 255 255 255 255 253
146 145 139 121 95 68 48 38 37 38 41 43 44 42 40 39 41 41 40 38 37 36 35 34 30 30 30 30 30 30 30 30 30 30 30 30 30 30 30 30 30 30 30 30 30 30 30 30 30 30 30 30 30 30 30 30 33 33 32 31 29 28 27 27 27 27 27 27 27 27 27 27 26 26 26 26 26 26 26 26 27 27 27 27 27 27 27 27 31 31 32 34 35 36 37 38 38 38 39 41 42 43 44 45 44 45 46 47 48 49 50 51 51 52 53 54 55 56 57 58 63 62 62 63 67 74 80 84 102 152 214 249 252 245 246 253 255 255 255 255 255 255 255 255 255
142 142 134 112 81 55 41 37 39 40 42 44 43 41 38 37 40 39 38 37 36 34 33 33 30 30 30 30 30 30 30 30 30 30 30 30 30 30 30 30 30 30 30 30 30 30 30 30 30 30 30 30 30 30 30 30 33 33 32 31 29 28 27 27 27 27 27 27 27 27 27 27 27 27 27 27 27 27 27 27 27 27 27 27 27 27 27 27 29 30 31 32 33 35 36 36 36 37 38 39 40 42 43 43 44 45 46 47 48 49 50 51 51 52 53 54 55 56 57 58 62 62 62 63 66 69 73 75 83 111 155 200 233 251 255 255 253 253 253 253 253 253 253 253 255
136 137 128 102 69 44 36 38 40 42 43 44 43 40 37 35 38 38 37 36 34 33 32 31 30 30 30 30 30 30 30 30 30 30 30 30 30 30 30 30 30 30 30 30 30 30 30 30 30 30 30 30 30 30 30 30 33 33 32 31 29 28 27 27 27 27 27 27 27 27 27 27 29 29 29 29 29 29 29 29 27 27 27 27 27 27 27 27 28 28 29 31 32 33 34 35 35 35 36 38 39 40 41 42 44 45 46 47 48 49 50 51 51 52 53 54 55 56 57 58 60 61 63 65 68 70 71 72 68 74 94 133 183 226 252 255 252 252 252 252 252 252 252 252 255
129 131 122 95 60 37 34 41 42 43 44 44 43 39 36 33 37 37 36 35 33 32 31 30 30 30 30 30 30 30 30 30 30 30 30 30 30 30 30 30 30 30 30 30 30 30 30 30 30 30 30 30 30 30 30 30 33 33 32 31 29 28 27 27 27 27 27 27 27 27 27 27 30 30 30 30 30 30 30 30 27 27 27 27 27 27 27 27 27 27 28 30 31 32 33 34 34 34 35 37 38 39 40 41 44 45 46 47 48 49 50 51 51 52 53 54 55 56 57 58 58 60 64 68 71 73 73 73 77 71 67 77 109 158 209 240 251 251 251 251 251 251 251 251 250
124 127 118 91 55 34 34 43 43 44 45 44 42 39 35 32 37 36 35 34 33 31 30 30 30 30 30 30 30 30 30 30 30 30 30 30 30 30 30 30 30 30 30 30 30 30 30 30 30 30 30 30 30 30 30 30 33 33 32 31 29 28 27 27 27 27 27 27 27 27 27 27 30 30 30 30 30 30 30 30 27 27 27 27 27 27 27 27 26 27 28 29 31 32 33 33 33 34 35 36 38 39 40 40 44 45 46 47 48 49 50 51 51 52 53 54 55 56 57 58 57 60 65 70 73 75 75 75 99 88 67 48 52 93 159 209 250 250 250 250 250 250 250 250 243
139 116 84 58 45 39 36 34 46 44 42 39 35 32 30 28 34 34 34 34 34 34 34 34 34 34 34 34 34 34 34 34 34 34 34 34 34 34 34 34 30 30 30 30 30 30 30 30 30 30 30 30 30 30 30 30 26 26 26 26 26 26 26 26 30 30 30 30 30 30 30 30 30 30 31 33 34 35 36 37 33 33 32 31 29 28 27 26 26 27 28 29 31 32 33 33 30 30 31 33 34 35 36 37 44 45 46 47 48 49 50 51 47 48 49 50 52 53 54 54 58 59 61 64 66 69 71 72 71 84 88 71 51 60 100 139 221 241 255 252 229 211 211 219 224
131 109 80 56 45 41 39 37 45 44 41 39 35 33 30 29 34 34 34 34 34 34 34 34 34 34 34 34 34 34 34 34 34 34 34 34 34 34 34 34 30 30 30 30 30 30 30 30 30 30 30 30 30 30 30 30 27 27 27 27 27 27 27 27 30 30 30 30 30 30 30 30 30 31 32 33 35 36 37 37 34 33 32 31 30 28 27 27 27 27 28 30 31 32 33 34 30 31 32 33 35 36 37 37 44 45 46 47 48 49 50 51 48 48 49 51 52 53 54 55 58 59 61 64 66 69 71 72 71 83 90 80 64 63 84 106 165 202 242 254 240 229 235 249 235
117 98 72 53 45 43 42 41 43 42 41 38 36 33 32 31 34 34 34 34 34 34 34 34 34 34 34 34 34 34 34 34 34 34 34 34 34 34 34 34 30 30 30 30 30 30 30 30 30 30 30 30 30 30 30 30 28 28 28 28 28 28 28 28 30 30 30 30 30 30 30 30 31 32 33 34 36 37 38 38 35 34 33 32 31 29 28 28 28 28 29 31 32 33 34 35 31 32 33 34 36 37 38 38 44 45 46 47 48 49 50 51 49 49 50 52 53 54 55 56 58 59 61 64 66 69 71 72 72 80 87 85 77 69 68 69 108 155 213 248 253 250 255 255 249
103 86 64 50 45 45 45 43 41 41 40 38 36 34 33 33 34 34 34 34 34 34 34 34 34 34 34 34 34 34 34 34 34 34 34 34 34 34 34 34 30 30 30 30 30 30 30 30 30 30 30 30 30 30 30 30 29 29 29 29 29 29 29 29 30 30 30 30 30 30 30 30 33 33 34 36 37 38 39 40 36 36 35 33 32 31 30 29 29 30 31 32 33 35 36 36 33 33 34 36 37 38 39 40 44 45 46 47 48 49 50 51 50 51 52 53 54 56 57 57 58 59 61 64 66 69 71 72 74 74 75 78 80 75 65 57 82 117 170 222 255 255 255 253 255
90 76 58 46 44 45 45 43 39 39 38 37 37 36 35 35 34 34 34 34 34 34 34 34 34 34 34 34 34 34 34 34 34 34 34 34 34 34 34 34 30 30 30 30 30 30 30 30 30 30 30 30 30 30 30 30 31 31 31 31 31 31 31 31 30 30 30 30 30 30 30 30 34 35 36 37 38 40 41 41 38 37 36 35 34 32 31 31 31 31 32 34 35 36 37 38 34 35 36 37 38 40 41 41 44 45 46 47 48 49 50 51 52 52 53 55 56 57 58 59 58 59 61 64 66 69 71 72 75 68 63 66 74 78 74 68 71 80 113 174 237 255 255 243 255
81 69 53 44 43 44 42 39 38 38 37 37 37 37 36 36 34 34 34 34 34 34 34 34 34 34 34 34 34 34 34 34 34 34 34 34 34 34 34 34 30 30 30 30 30 30 30 30 30 30 30 30 30 30 30 30 32 32 32 32 32 32 32 32 30 30 30 30 30 30 30 30 36 36 37 38 40 41 42 43 39 39 38 36 35 34 33 32 32 33 34 35 36 38 39 39 36 36 37 38 40 41 42 43 44 45 46 47 48 49 50 51 53 54 55 56 57 59 60 60 58 59 61 64 66 69 71 72 73 66 61 62 70 78 82 83 64 54 66 119 194 247 255 250 252
77 65 51 42 41 41 38 35 36 36 37 37 37 37 38 38 34 34 34 34 34 34 34 34 34 34 34 34 34 34 34 34 34 34 34 34 34 34 34 34 30 30 30 30 30 30 30 30 30 30 30 30 30 30 30 30 33 33 33 33 33 33 33 33 30 30 30 30 30 30 30 30 37 37 38 39 41 42 43 44 40 40 39 37 36 35 34 33 33 34 35 36 37 39 40 40 37 37 38 39 41 42 43 44 44 45 46 47 48 49 50 51 54 55 56 57 58 60 61 61 58 59 61 64 66 69 71 72 68 69 71 71 72 75 81 85 71 57 53 79 134 193 235 254 252
75 64 50 42 40 39 35 31 35 36 36 37 37 38 38 39 34 34 34 34 34 34 34 34 34 34 34 34 34 34 34 34 34 34 34 34 34 34 34 34 30 30 30 30 30 30 30 30 30 30 30 30 30 30 30 30 34 34 34 34 34 34 34 34 30 30 30 30 30 30 30 30 37 38 39 40 41 43 44 44 41 40 39 38 36 35 34 34 34 34 35 36 38 39 40 41 37 38 39 40 41 43 44 44 44 45 46 47 48 49 50 51 55 55 56 57 59 60 61 62 58 59 61 64 66 69 71 72 64 73 83 83 77 73 75 80 87 76 63 62 88 142 205 248 253
59 56 50 44 39 36 35 35 34 34 34 34 34 34 34 34 30 30 30 30 30 30 30 30 30 30 31 33 34 35 36 37 33 33 33 33 33 33 33 33 33 33 33 33 33 33 33 33 33 33 33 33 33 33 33 33 37 37 37 37 37 37 37 37 33 33 33 33 33 33 33 33 37 39 42 43 43 42 39 37 40 40 39 38 36 35 34 33 33 34 35 36 37 39 40 40 40 40 40 40 40 40 40 40 48 48 49 50 52 53 54 54 55 55 56 57 59 60 61 61 62 62 63 64 66 67 68 68 72 73 74 75 76 77 78 79 91 73 71 79 72 81 156 245 254
58 54 49 43 38 36 35 35 34 34 34 34 34 34 34 34 30 30 30 30 30 30 30 30 30 31 32 33 35 36 37 37 34 34 34 34 34 34 34 34 34 34 34 34 34 34 34 34 34 34 34 34 34 34 34 34 37 37 37 37 37 37 37 37 34 34 34 34 34 34 34 34 38 40 42 44 44 42 40 38 41 40 39 38 37 35 34 34 34 35 36 37 39 40 41 41 41 41 41 41 41 41 41 41 48 48 49 50 52 53 54 54 55 55 56 57 59 60 61 61 62 62 63 64 66 67 68 68 72 73 74 75 76 77 78 79 88 74 75 83 73 75 136 212 250
55 52 47 42 38 36 35 36 34 34 34 34 34 34 34 34 31 31 31 31 31 31 31 31 31 32 33 34 36 37 38 38 35 35 35 35 35 35 35 35 35 35 35 35 35 35 35 35 35 35 35 35 35 35 35 35 37 37 37 37 37 37 37 37 35 35 35 35 35 35 35 35 39 41 43 45 45 43 41 39 42 41 40 39 38 36 35 35 36 37 38 39 41 42 43 43 42 42 42 42 42 42 42 42 48 48 49 50 52 53 54 54 55 55 56 57 59 60 61 61 62 62 63 64 66 67 68 68 72 73 74 75 76 77 78 79 84 76 81 89 76 68 105 160 226
52 49 44 40 37 36 36 36 34 34 34 34 34 34 34 34 33 33 33 33 33 33 33 33 33 33 34 36 37 38 39 40 36 36 36 36 36 36 36 36 36 36 36 36 36 36 36 36 36 36 36 36 36 36 36 36 37 37 37 37 37 37 37 37 36 36 36 36 36 36 36 36 40 42 44 46 46 44 42 40 43 43 42 40 39 38 37 36 39 40 41 42 43 45 46 46 43 43 43 43 43 43 43 43 48 48 49 50 52 53 54 54 55 55 56 57 59 60 61 61 62 62 63 64 66 67 68 68 72 73 74 75 76 77 78 79 81 78 86 93 79 64 79 109 196
49 46 42 38 36 35 36 37 34 34 34 34 34 34 34 34 34 34 34 34 34 34 34 34 34 35 36 37 38 40 41 41 38 38 38 38 38 38 38 38 38 38 38 38 38 38 38 38 38 38 38 38 38 38 38 38 37 37 37 37 37 37 37 37 38 38 38 38 38 38 38 38 42 44 46 48 48 46 44 42 45 44 43 42 41 39 38 38 42 42 43 45 46 47 48 49 45 45 45 45 45 45 45 45 48 48 49 50 52 53 54 54 55 55 56 57 59 60 61 61 62 62 63 64 66 67 68 68 72 73 74 75 76 77 78 79 80 80 88 93 83 67 66 77 154
45 43 40 36 35 35 36 37 34 34 34 34 34 34 34 34 36 36 36 36 36 36 36 36 36 36 37 38 40 41 42 43 39 39 39 39 39 39 39 39 39 39 39 39 39 39 39 39 39 39 39 39 39 39 39 39 37 37 37 37 37 37 37 37 39 39 39 39 39 39 39 39 43 45 47 49 49 47 45 43 46 46 45 43 42 41 40 39 45 45 46 47 49 50 51 52 46 46 46 46 46 46 46 46 48 48 49 50 52 53 54 54 55 55 56 57 59 60 61 61 62 62 63 64 66 67 68 68 72 73 74 75 76 77 78 79 81 83 86 88 85 77 71 68 87
43 41 38 35 34 35 36 38 34 34 34 34 34 34 34 34 37 37 37 37 37 37 37 37 37 37 38 39 41 42 43 44 40 40 40 40 40 40 40 40 40 40 40 40 40 40 40 40 40 40 40 40 40 40 40 40 37 37 37 37 37 37 37 37 40 40 40 40 40 40 40 40 44 46 48 50 50 48 46 44 47 47 46 44 43 42 41 40 47 47 48 49 51 52 53 54 47 47 47 47 47 47 47 47 48 48 49 50 52 53 54 54 55 55 56 57 59 60 61 61 62 62 63 64 66 67 68 68 72 73 74 75 76 77 78 79 84 84 82 83 87 90 84 75 57
42 40 37 34 34 35 36 38 34 34 34 34 34 34 34 34 37 37 37 37 37 37 37 37 37 38 39 40 41 43 44 44 41 41 41 41 41 41 41 41 41 41 41 41 41 41 41 41 41 41 41 41 41 41 41 41 37 37 37 37 37 37 37 37 41 41 41 41 41 41 41 41 45 46 49 51 51 49 46 45 48 47 46 45 43 42 41 41 48 48 49 51 52 53 54 55 48 48 48 48 48 48 48 48 48 48 49 50 52 53 54 54 55 55 56 57 59 60 61 61 62 62 63 64 66 67 68 68 72 73 74 75 76 77 78 79 87 85 80 78 88 98 95 84 80
38 38 38 38 38 38 38 38 37 37 37 37 37 37 37 37 34 34 34 34 34 34 34 34 41 41 41 41 41 41 41 41 42 43 44 44 42 39 35 32 41 43 47 50 51 51 49 48 47 47 46 45 43 42 41 40 40 40 40 40 40 40 40 40 40 41 42 43 44 46 47 47 48 49 52 54 54 52 49 48 47 47 47 47 47 47 47 47 51 51 52 54 55 56 57 58 54 54 53 51 50 49 48 47 44 44 45 47 48 49 50 51 54 55 56 57 59 60 61 61 61 62 63 64 66 67 68 68 72 73 74 75 76 77 78 79 82 82 82 84 89 94 100 103 103
35 35 35 35 35 35 35 35 37 37 37 37 37 37 37 37 34 34 34 34 34 34 34 34 41 41 41 41 41 41 41 41 42 43 45 45 43 40 36 34 41 44 47 50 52 51 50 48 48 47 46 45 44 42 41 41 41 41 41 41 41 41 41 41 41 42 43 44 46 47 48 48 49 51 53 55 55 53 51 49 51 51 51 51 51 51 51 51 52 52 53 55 56 57 58 59 55 55 54 53 51 50 49 48 44 45 46 47 49 50 51 51 55 55 56 58 59 60 61 62 62 62 63 65 66 67 68 69 72 73 74 75 76 77 78 79 82 82 82 84 89 94 100 103 110
32 32 32 32 32 32 32 32 37 37 37 37 37 37 37 37 34 34 34 34 34 34 34 34 41 41 41 41 41 41 41 41 42 43 45 45 44 42 38 36 43 45 48 51 53 52 51 49 49 48 47 46 45 43 42 42 42 42 42 42 42 42 42 42 43 44 45 46 48 49 50 50 52 54 57 58 58 57 54 52 57 57 57 57 57 57 57 57 54 54 55 57 58 59 60 61 57 57 56 55 53 52 51 50 45 46 47 48 50 51 52 52 56 56 57 59 60 61 62 63 63 63 64 66 67 68 69 70 72 73 74 75 76 77 78 79 82 82 82 84 89 94 100 103 117
29 29 29 29 29 29 29 29 37 37 37 37 37 37 37 37 34 34 34 34 34 34 34 34 41 41 41 41 41 41 41 41 41 43 45 46 46 44 41 39 44 46 50 53 54 53 52 51 50 50 49 47 46 45 44 43 43 43 43 43 43 43 43 43 46 47 48 49 50 52 53 53 56 58 61 62 62 61 58 56 63 63 63 63 63 63 63 63 57 57 58 59 61 62 63 64 60 60 59 57 56 55 54 53 47 47 48 50 51 52 53 54 57 58 59 60 61 63 64 64 64 65 66 67 68 70 71 71 72 73 74 75 76 77 78 79 82 82 82 84 89 94 100 103 117
29 29 29 29 29 29 29 29 37 37 37 37 37 37 37 37 34 34 34 34 34 34 34 34 41 41 41 41 41 41 41 41 41 43 45 47 48 47 44 43 45 48 51 54 55 55 53 52 52 51 50 49 48 46 45 45 45 45 45 45 45 45 45 45 49 49 50 52 53 54 55 56 61 62 65 67 67 65 62 61 68 68 68 68 68 68 68 68 59 60 61 62 64 65 66 66 63 62 61 60 59 57 56 56 48 49 50 51 52 54 55 55 59 59 60 62 63 64 65 66 66 66 67 69 70 71 72 73 72 73 74 75 76 77 78 79 82 82 82 84 89 94 100 103 112
32 32 32 32 32 32 32 32 37 37 37 37 37 37 37 37 34 34 34 34 34 34 34 34 41 41 41 41 41 41 41 41 40 42 46 48 50 49 47 46 47 49 52 55 57 56 55 54 53 53 52 50 49 48 47 46 46 46 46 46 46 46 46 46 52 52 53 54 56 57 58 59 65 66 69 71 71 69 66 65 69 69 69 69 69 69 69 69 62 63 64 65 66 68 69 69 66 65 64 63 61 60 59 59 50 50 51 52 54 55 56 57 60 61 62 63 64 66 67 67 67 68 69 70 71 73 74 74 72 73 74 75 76 77 78 79 82 82 82 84 89 94 100 103 108
35 35 35 35 35 35 35 35 37 37 37 37 37 37 37 37 34 34 34 34 34 34 34 34 41 41 41 41 41 41 41 41 40 42 46 49 51 51 50 48 48 50 53 56 58 57 56 55 54 54 53 51 50 49 48 47 47 47 47 47 47 47 47 47 54 54 55 56 58 59 60 61 68 70 72 74 74 72 70 68 69 69 69 69 69 69 69 69 64 65 66 67 68 70 71 71 68 67 66 65 63 62 61 61 51 51 52 53 55 56 57 58 61 62 63 64 65 67 68 68 68 69 70 71 72 74 75 75 72 73 74 75 76 77 78 79 82 82 82 84 89 94 100 103 108
38 38 38 38 38 38 38 38 37 37 37 37 37 37 37 37 34 34 34 34 34 34 34 34 41 41 41 41 41 41 41 41 40 42 46 50 52 52 51 50 48 50 54 57 58 58 56 55 55 54 53 52 50 49 48 48 48 48 48 48 48 48 48 48 55 55 56 58 59 60 61 62 69 71 74 75 75 74 71 69 68 68 68 68 68 68 68 68 65 66 67 68 69 71 72 72 69 68 67 66 65 63 62 62 51 52 53 54 55 57 58 58 62 62 63 64 66 67 68 69 69 69 70 71 73 74 75 76 72 73 74 75 76 77 78 79 82 82 82 84 89 94 100 103 110
33 34 35 36 38 39 40 40 44 43 42 41 40 39 38 37 38 38 38 37 37 36 35 35 40 40 40 40 40 40 40 40 40 41 43 46 49 51 53 54 53 53 54 54 55 55 56 56 44 44 45 47 48 49 50 51 47 48 49 50 51 53 54 54 58 59 61 63 66 69 71 72 75 75 75 75 75 75 75 75 68 68 67 66 64 63 62 61 69 69 69 69 69 69 69 69 74 72 70 67 63 60 58 56 58 58 58 58 58 58 58 58 61 62 63 64 66 67 68 68 72 72 73 75 76 77 78 79 75 76 77 78 79 81 82 82 85 85 84 85 88 92 96 99 118
34 34 35 37 38 39 40 41 44 43 42 41 40 39 38 37 38 38 38 38 37 37 37 37 41 41 41 41 41 41 41 41 41 42 44 47 49 52 54 55 54 54 54 54 55 55 55 55 44 45 46 47 49 50 51 51 48 49 50 51 53 54 55 55 59 60 62 64 67 70 72 73 76 76 76 76 76 76 76 76 69 68 67 66 65 63 62 62 69 69 69 69 69 69 69 69 73 72 69 67 63 61 58 57 59 59 59 59 59 59 59 59 62 62 63 65 66 67 68 69 72 73 74 75 77 78 79 79 76 77 78 79 81 82 83 83 86 85 85 86 88 93 97 100 117
35 35 36 38 39 40 41 42 44 43 42 41 40 39 38 37 38 38 38 38 39 39 39 39 43 43 43 43 43 43 43 43 42 43 45 48 50 53 55 56 55 55 55 55 54 54 54 54 45 46 47 48 50 51 52 52 50 51 52 53 55 56 57 57 61 62 64 66 69 72 74 75 77 77 77 77 77 77 77 77 70 69 68 67 66 64 63 63 69 69 69 69 69 69 69 69 71 70 69 66 64 61 60 59 61 61 61 61 61 61 61 61 63 63 64 66 67 68 69 70 73 74 75 76 78 79 80 80 78 79 80 81 83 84 85 85 87 86 86 87 89 94 98 101 116
36 37 38 39 40 42 43 43 44 43 42 41 40 39 38 37 37 38 38 39 40 41 42 42 46 46 46 46 46 46 46 46 43 44 46 49 52 54 56 57 57 57 56 55 54 53 52 52 47 47 48 50 51 52 53 54 53 54 55 56 57 59 60 60 64 65 67 69 72 74 76 77 78 78 78 78 78 78 78 78 71 71 70 68 67 66 65 64 69 69 69 69 69 69 69 69 69 69 68 66 64 62 61 61 64 64 64 64 64 64 64 64 64 65 66 67 68 70 71 71 75 75 76 78 79 80 81 82 81 82 83 84 85 87 88 88 88 88 87 88 91 95 99 102 115
38 38 39 41 42 43 44 45 44 43 42 41 40 39 38 37 37 37 39 40 42 44 45 46 49 49 49 49 49 49 49 49 45 46 48 50 53 56 58 59 59 58 57 55 54 52 51 50 48 49 50 51 52 54 55 55 56 56 57 59 60 61 62 63 67 68 70 72 75 77 79 80 80 80 80 80 80 80 80 80 73 72 71 70 69 67 66 66 69 69 69 69 69 69 69 69 67 67 66 65 65 64 63 63 66 66 66 66 66 66 66 66 66 66 67 69 70 71 72 73 76 77 78 79 80 82 83 83 84 84 85 87 88 89 90 91 90 89 89 89 92 96 101 104 113
39 40 41 42 43 45 46 46 44 43 42 41 40 39 38 37 36 37 39 41 44 46 48 49 52 52 52 52 52 52 52 52 46 47 49 52 54 57 59 60 61 60 58 56 53 51 49 48 50 50 51 52 54 55 56 57 59 59 60 61 63 64 65 66 69 70 72 75 78 80 82 83 81 81 81 81 81 81 81 81 74 74 73 71 70 69 68 67 69 69 69 69 69 69 69 69 66 66 65 65 65 65 64 64 69 69 69 69 69 69 69 69 67 68 69 70 71 73 74 74 78 78 79 80 82 83 84 85 87 87 88 89 91 92 93 94 91 90 90 91 94 98 102 105 112
40 41 42 43 44 46 47 47 44 43 42 41 40 39 38 37 36 37 39 42 45 48 50 51 54 54 54 54 54 54 54 54 47 48 50 53 55 58 60 61 62 61 59 56 53 50 48 47 51 51 52 53 55 56 57 58 61 61 62 63 65 66 67 68 71 72 74 77 80 82 84 85 82 82 82 82 82 82 82 82 75 75 74 72 71 70 69 68 69 69 69 69 69 69 69 69 64 64 65 65 65 65 66 66 71 71 71 71 71 71 71 71 68 69 70 71 72 74 75 75 79 79 80 81 83 84 85 86 89 89 90 91 93 94 95 96 92 91 91 92 95 99 103 106 111
41 41 42 43 45 46 47 48 44 43 42 41 40 39 38 37 36 37 39 42 46 49 51 53 55 55 55 55 55 55 55 55 48 49 51 53 56 59 61 62 63 62 59 56 53 50 47 46 51 52 53 54 55 57 58 58 62 62 63 65 66 67 68 69 72 73 75 78 81 83 85 86 83 83 83 83 83 83 83 83 76 75 74 73 71 70 69 69 69 69 69 69 69 69 69 69 63 64 64 65 65 66 66 67 72 72 72 72 72 72 72 72 69 69 70 71 73 74 75 76 79 80 81 82 83 85 86 86 90 90 91 93 94 95 96 97 93 92 92 92 95 99 104 107 110
43 41 39 37 37 39 41 43 37 37 38 39 41 42 43 44 44 44 44 45 49 54 58 62 62 62 61 59 57 56 55 54 61 61 61 61 61 61 61 61 63 62 60 59 57 55 53 52 58 58 58 58 58 58 58 58 61 62 63 64 65 67 68 68 72 72 73 75 76 77 78 79 79 79 79 79 79 79 79 79 77 76 75 73 71 69 67 67 75 75 75 75 75 75 75 75 72 72 72 72 72 72 72 72 67 68 70 74 77 80 82 84 75 75 75 75 75 75 75 75 82 83 84 85 87 88 89 89 89 90 92 95 98 100 102 103 101 100 98 97 97 100 102 104 108
44 43 40 38 38 40 43 44 38 39 40 41 42 44 45 45 46 47 50 53 56 59 60 61 65 64 62 59 56 53 51 50 62 62 62 62 62 62 62 62 64 63 62 60 58 57 56 55 59 59 59 59 59 59 59 59 62 63 64 65 67 68 69 69 72 73 74 75 77 78 79 79 79 79 79 79 79 79 79 79 77 76 75 74 72 70 69 69 76 76 76 76 76 76 76 76 73 73 73 73 73 73 73 73 69 70 72 75 78 81 83 84 76 76 76 76 76 76 76 76 83 83 84 86 87 88 89 90 90 91 93 96 99 101 103 104 103 101 99 97 98 100 102 104 109
46 45 42 40 40 42 45 46 41 42 43 44 46 47 48 48 49 53 59 65 67 66 64 61 65 64 62 59 56 53 50 49 64 64 64 64 64 64 64 64 65 65 64 63 62 61 60 59 62 62 62 62 62 62 62 62 64 65 66 67 69 70 71 71 73 74 75 76 78 79 80 80 80 80 80 80 80 80 80 80 78 77 76 75 74 73 72 72 78 78 78 78 78 78 78 78 76 76 76 76 76 76 76 76 72 73 75 77 80 82 84 85 78 78 78 78 78 78 78 78 84 84 85 87 88 89 90 91 92 93 95 98 101 103 105 106 105 103 101 99 98 100 102 104 108
49 47 45 43 43 45 47 49 45 46 47 48 50 51 52 52 54 59 68 75 77 73 67 62 59 59 59 59 59 59 59 59 67 67 67 67 67 67 67 67 67 67 67 67 66 66 65 65 66 66 66 66 66 66 66 66 67 68 69 70 71 73 74 74 75 75 76 78 79 80 81 82 82 82 82 82 82 82 82 82 79 78 78 78 77 77 77 77 81 81 81 81 81 81 81 81 80 80 80 80 80 80 80 80 77 77 79 80 82 84 85 86 81 81 81 81 81 81 81 81 85 86 87 88 89 91 92 92 95 96 98 101 103 106 108 109 108 106 103 100 99 100 102 103 103
52 50 48 46 46 48 50 52 50 50 51 52 54 55 56 57 60 65 74 80 81 76 70 65 53 54 57 61 65 69 72 73 70 70 70 70 70 70 70 70 70 70 70 70 71 71 72 72 71 71 71 71 71 71 71 71 70 70 71 73 74 75 76 77 76 77 78 79 80 82 83 83 83 83 83 83 83 83 83 83 79 80 80 80 81 81 81 81 84 84 84 84 84 84 84 84 85 85 85 85 85 85 85 85 81 82 83 83 84 85 86 86 84 84 84 84 84 84 84 84 87 87 88 90 91 92 93 94 98 99 101 104 106 109 111 112 112 109 106 102 100 100 102 103 96
55 53 50 49 49 50 53 55 54 54 55 56 58 59 60 61 67 70 75 78 78 75 71 68 57 59 63 67 72 76 80 82 73 73 73 73 73 73 73 73 72 72 73 74 75 76 77 78 75 75 75 75 75 75 75 75 73 73 74 75 77 78 79 80 78 78 79 80 82 83 84 85 85 85 85 85 85 85 85 85 80 81 82 83 84 85 86 86 87 87 87 87 87 87 87 87 89 89 89 89 89 89 89 89 86 86 86 87 87 87 87 87 87 87 87 87 87 87 87 87 88 89 90 91 92 94 95 95 101 102 104 106 109 112 114 115 115 112 108 104 101 101 101 102 95
57 55 52 51 51 52 55 57 57 57 58 60 61 62 63 64 73 73 73 73 73 72 72 71 72 73 74 75 77 78 79 79 75 75 75 75 75 75 75 75 73 74 75 77 79 80 81 82 78 78 78 78 78 78 78 78 75 75 76 77 79 80 81 82 79 79 80 81 83 84 85 86 86 86 86 86 86 86 86 86 81 82 83 84 86 88 89 89 89 89 89 89 89 89 89 89 92 92 92 92 92 92 92 92 90 89 89 89 89 88 88 88 89 89 89 89 89 89 89 89 89 90 91 92 93 95 96 96 103 104 106 108 111 114 116 117 117 114 110 105 102 101 101 102 101
58 56 54 52 52 54 56 58 58 59 60 61 63 64 65 65 76 74 72 69 69 70 72 73 86 85 84 81 79 76 75 74 76 76 76 76 76 76 76 76 74 75 77 78 80 82 84 85 79 79 79 79 79 79 79 79 76 76 77 79 80 81 82 83 79 80 81 82 83 85 86 86 86 86 86 86 86 86 86 86 81 82 83 85 87 89 91 91 90 90 90 90 90 90 90 90 93 93 93 93 93 93 93 93 91 91 91 90 89 89 88 88 90 90 90 90 90 90 90 90 90 90 91 92 94 95 96 97 104 105 107 109 112 115 117 118 119 116 111 106 103 101 101 102 108
56 57 60 63 67 70 72 74 68 66 65 64 66 69 72 74 78 78 78 78 78 78 78 78 86 85 84 83 82 81 80 79 75 75 76 78 79 80 81 82 86 86 86 86 86 86 86 86 82 82 82 82 82 82 82 82 87 87 86 86 85 84 84 84 89 89 89 89 89 89 89 89 89 89 89 89 89 89 89 89 88 89 90 92 94 96 97 98 100 100 99 97 96 95 94 93 100 100 99 97 96 95 94 93 93 93 93 93 93 93 93 93 86 87 88 89 90 92 93 93 93 94 95 96 97 98 99 100 97 100 106 111 115 117 118 118 123 118 110 103 99 99 101 102 107
56 57 60 64 67 71 74 75 69 68 67 66 68 70 74 76 81 81 81 81 81 81 81 81 86 85 84 83 82 81 80 79 77 78 79 80 82 83 84 84 87 87 87 87 87 87 87 87 84 84 84 84 84 84 84 84 89 89 89 88 88 88 88 87 90 90 90 90 90 90 90 90 90 90 90 90 90 90 90 90 89 90 91 93 94 96 97 98 100 99 98 97 95 94 93 93 99 99 98 96 95 94 93 92 92 92 92 92 92 92 92 92 86 86 87 88 90 91 92 93 93 94 95 96 97 98 99 100 98 101 106 112 116 118 119 118 123 118 110 103 99 99 101 102 107
55 57 60 64 69 73 76 77 72 71 70 69 71 74 77 79 86 86 86 86 86 86 86 86 86 85 84 83 82 81 80 79 81 81 82 83 85 86 87 88 90 90 90 90 90 90 90 90 88 88 88 88 88 88 88 88 92 92 92 93 93 93 93 93 92 92 92 92 92 92 92 92 92 92 92 92 92 92 92 92 92 92 93 94 95 96 97 97 99 98 97 96 94 93 92 92 97 97 96 94 93 92 91 90 90 90 90 90 90 90 90 90 85 85 86 87 89 90 91 92 93 94 95 96 97 98 99 100 99 102 107 113 117 119 120 119 123 118 110 103 99 99 101 102 107
55 57 60 65 70 75 79 81 76 75 74 73 75 78 81 83 89 89 89 89 89 89 89 89 86 85 84 83 82 81 80 79 83 84 85 86 87 89 90 90 91 91 91 91 91 91 91 91 90 90 90 90 90 90 90 90 94 94 95 96 97 98 98 99 95 95 95 95 95 95 95 95 95 95 95 95 95 95 95 95 95 95 95 96 96 96 97 97 97 97 96 94 93 92 91 90 94 94 93 92 90 89 88 87 87 87 87 87 87 87 87 87 83 84 85 86 87 89 90 90 93 94 95 96 97 98 99 100 100 103 109 114 118 120 121 121 123 118 110 103 99 99 101 102 107
54 57 61 66 72 78 82 84 81 79 78 78 79 82 85 88 91 91 91 91 91 91 91 91 86 85 84 83 82 81 80 79 83 84 85 86 87 89 90 90 89 89 89 89 89 89 89 89 90 90 90 90 90 90 90 90 93 94 95 97 99 100 102 102 98 98 98 98 98 98 98 98 98 98 98 98 98 98 98 98 98 98 98 97 97 97 96 96 96 95 94 93 92 90 89 89 92 91 90 89 87 86 85 85 85 85 85 85 85 85 85 85 82 82 83 85 86 87 88 89 93 94 95 96 97 98 99 100 101 105 110 116 120 122 122 122 123 118 110 103 99 99 101 102 107
54 56 61 67 74 80 85 87 85 83 82 82 83 86 89 92 90 90 90 90 90 90 90 90 86 85 84 83 82 81 80 79 81 81 82 83 85 86 87 88 86 86 86 86 86 86 86 86 88 88 88 88 88 88 88 88 90 91 93 95 98 100 102 103 101 101 101 101 101 101 101 101 101 101 101 101 101 101 101 101 101 101 100 99 98 97 96 96 94 94 93 92 90 89 88 87 89 88 87 86 85 83 82 82 82 82 82 82 82 82 82 82 80 81 82 83 85 86 87 87 93 94 95 96 97 98 99 100 103 106 111 117 121 123 124 124 123 118 110 103 99 99 101 102 107
53 56 61 68 75 82 87 90 88 87 85 85 86 89 92 95 87 87 87 87 87 87 87 87 86 85 84 83 82 81 80 79 77 78 79 80 82 83 84 84 81 81 81 81 81 81 81 81 84 84 84 84 84 84 84 84 87 88 90 93 96 99 101 102 103 103 103 103 103 103 103 103 103 103 103 103 103 103 103 103 104 103 102 100 99 97 96 95 93 93 92 91 89 88 87 86 87 86 85 84 83 81 80 80 80 80 80 80 80 80 80 80 79 80 81 82 84 85 86 86 93 94 95 96 97 98 99 100 104 107 112 118 122 124 125 125 123 118 110 103 99 99 101 102 107
53 56 61 68 76 83 88 91 89 88 87 86 88 91 94 96 86 86 86 86 86 86 86 86 86 85 84 83 82 81 80 79 75 75 76 78 79 80 81 82 78 78 78 78 78 78 78 78 82 82 82 82 82 82 82 82 84 85 88 91 94 97 100 101 104 104 104 104 104 104 104 104 104 104 104 104 104 104 104 104 105 104 103 101 99 97 96 95 93 92 91 90 89 87 86 86 86 85 84 83 82 80 79 79 79 79 79 79 79 79 79 79 79 79 80 82 83 84 85 86 93 94 95 96 97 98 99 100 104 108 113 119 123 125 125 125 123 118 110 103 99 99 101 102 107
58 61 66 72 79 85 90 93 89 89 89 89 89 89 89 89 93 92 90 88 85 82 80 79 81 80 79 77 75 73 72 71 76 76 75 73 72 71 70 69 73 73 74 76 77 78 79 80 76 76 77 78 80 81 82 83 90 91 93 95 98 101 103 104 107 107 107 107 107 107 107 107 104 104 104 104 104 104 104 104 104 103 102 101 99 98 97 97 90 90 90 90 90 90 90 90 87 87 85 83 81 79 78 77 83 83 83 83 83 83 83 83 79 80 81 82 84 85 86 86 81 83 85 88 92 95 97 98 106 109 114 119 122 124 124 124 119 113 105 99 97 101 108 112 110
59 61 65 71 78 85 91 94 90 90 90 90 90 90 90 90 93 91 90 87 84 82 80 79 78 77 76 75 73 71 70 69 74 73 72 71 69 68 67 67 70 70 71 73 74 75 76 77 75 76 77 78 79 81 82 82 89 90 92 94 97 100 102 103 106 106 106 106 106 106 106 106 103 103 103 103 103 103 103 103 103 103 102 100 99 98 97 96 90 90 90 90 90 90 90 90 87 87 85 84 82 80 79 79 82 82 82 82 82 82 82 82 78 79 80 81 82 83 84 85 80 82 84 87 90 92 95 96 105 108 113 118 122 124 124 124 120 114 106 99 98 102 108 113 117
61 62 65 69 76 84 91 95 91 91 91 91 91 91 91 91 91 90 88 86 83 81 79 78 73 73 72 71 70 69 68 67 70 70 69 68 66 65 64 63 65 66 67 68 70 71 72 72 74 75 76 77 78 80 81 81 87 88 90 92 95 98 100 101 104 104 104 104 104 104 104 104 102 102 102 102 102 102 102 102 102 102 101 99 98 97 96 95 90 90 90 90 90 90 90 90 87 86 86 85 83 82 82 81 80 80 80 80 80 80 80 80 77 77 78 79 81 82 83 84 79 80 82 84 87 89 91 92 102 106 111 117 121 124 124 124 121 115 107 100 99 103 109 114 125
63 63 64 67 74 83 92 98 92 92 92 92 92 92 92 92 90 89 87 85 82 79 77 76 69 69 68 68 68 67 67 67 68 67 66 65 64 62 61 61 62 62 63 64 66 67 68 69 73 73 74 76 77 78 79 80 84 85 87 90 92 95 97 98 101 101 101 101 101 101 101 101 101 101 101 101 101 101 101 101 101 100 99 98 97 95 94 94 90 90 90 90 90 90 90 90 86 86 86 85 85 85 84 84 80 80 80 80 80 80 80 80 77 78 79 80 81 82 83 84 80 81 82 84 86 87 88 89 99 103 109 115 120 123 124 125 122 116 108 102 100 104 110 115 127
65 64 63 65 72 82 93 100 94 94 94 94 94 94 94 94 89 88 86 83 80 78 76 75 67 67 67 68 68 68 69 69 68 67 66 65 64 62 61 61 60 61 62 63 64 66 67 67 71 72 73 74 75 77 78 78 81 82 84 87 89 92 94 95 99 99 99 99 99 99 99 99 99 99 99 99 99 99 99 99 99 99 98 96 95 94 93 92 90 90 90 90 90 90 90 90 86 86 86 87 87 87 88 88 83 83 83 83 83 83 83 83 80 80 81 83 84 85 86 87 84 84 85 86 87 88 88 89 95 99 106 113 119 123 125 125 124 118 110 103 102 106 112 117 123
67 65 62 63 70 82 94 102 95 95 95 95 95 95 95 95 87 86 84 82 79 77 75 74 67 68 69 70 71 72 73 73 70 70 69 68 66 65 64 63 61 62 63 64 65 67 68 68 70 70 71 73 74 75 76 77 78 79 81 84 87 89 91 92 96 96 96 96 96 96 96 96 98 98 98 98 98 98 98 98 98 97 96 95 94 92 91 91 90 90 90 90 90 90 90 90 85 86 86 87 89 90 90 91 88 88 88 88 88 88 88 88 85 85 86 88 89 90 91 92 89 89 90 90 90 90 90 90 92 97 104 112 118 123 125 126 125 119 111 104 103 107 113 118 120
69 65 61 61 68 81 95 104 96 96 96 96 96 96 96 96 86 85 83 81 78 75 74 72 69 70 71 73 75 76 77 78 74 73 72 71 69 68 67 67 64 64 65 66 68 69 70 71 69 69 70 72 73 74 75 76 76 77 79 82 85 87 89 90 94 94 94 94 94 94 94 94 97 97 97 97 97 97 97 97 97 96 95 94 93 91 90 90 90 90 90 90 90 90 90 90 85 85 87 88 90 92 93 93 94 94 94 94 94 94 94 94 90 91 92 93 95 96 97 97 95 95 95 94 94 94 94 93 90 94 102 110 117 122 125 126 126 120 112 105 104 108 114 119 122
70 66 61 60 67 81 95 104 97 97 97 97 97 97 97 97 86 85 83 80 77 75 73 72 71 72 73 75 77 79 80 81 76 76 75 73 72 71 70 69 65 66 67 68 70 71 72 72 68 69 70 71 73 74 75 75 75 76 78 81 84 86 88 89 93 93 93 93 93 93 93 93 96 96 96 96 96 96 96 96 96 96 95 94 92 91 90 89 90 90 90 90 90 90 90 90 85 85 87 89 91 93 94 95 97 97 97 97 97 97 97 97 94 94 95 97 98 99 100 101 99 99 98 98 97 96 96 96 88 93 101 110 117 122 125 126 126 121 112 106 105 109 115 120 124
67 62 57 57 64 77 92 101 92 93 95 96 96 93 90 88 82 77 69 64 63 67 74 79 83 83 84 85 87 88 89 89 94 93 92 90 88 86 84 84 81 80 79 78 77 75 74 74 78 78 77 75 74 73 72 71 76 76 77 78 80 81 82 82 86 87 88 89 90 91 92 93 93 94 95 96 97 98 99 100 92 92 92 93 93 94 95 95 90 90 89 87 86 85 84 83 85 86 87 89 91 93 94 95 93 93 94 96 97 98 99 100 96 96 96 96 96 96 96 96 97 97 98 99 101 102 103 103 97 96 96 98 104 113 123 128 124 118 110 105 107 116 127 134 132
66 62 57 56 63 77 91 101 93 94 96 96 95 93 90 87 79 75 68 64 65 70 77 81 83 83 84 85 87 88 89 89 93 93 93 92 91 90 89 89 94 93 92 91 89 88 87 87 81 81 80 78 77 76 75 74 76 76 77 78 80 81 82 82 86 87 88 89 90 91 92 93 93 94 95 96 97 98 99 100 92 92 92 92 93 93 93 93 87 87 86 84 83 82 81 80 84 85 86 87 89 91 92 93 94 94 95 96 98 99 100 101 98 98 98 98 98 98 98 98 97 97 98 99 101 102 103 103 98 97 96 98 104 113 122 128 125 119 110 105 107 115 126 134 131
65 61 56 55 62 76 90 100 94 95 97 97 95 92 88 86 74 71 68 66 68 74 81 85 83 83 84 85 87 88 89 89 93 93 93 94 95 96 97 97 100 100 99 98 96 95 94 93 86 85 84 83 81 80 79 79 76 76 77 78 80 81 82 82 86 87 88 89 90 91 92 93 93 94 95 96 97 98 99 100 92 92 92 92 91 91 91 91 83 82 81 80 79 77 76 76 82 83 84 85 86 87 88 88 94 94 95 97 98 99 100 101 100 100 100 100 100 100 100 100 97 97 98 99 101 102 103 103 100 98 97 98 104 112 121 126 126 120 111 105 106 114 125 132 129
64 59 55 54 61 74 89 98 96 97 98 97 95 91 87 84 70 69 68 69 72 78 84 88 83 83 84 85 87 88 89 89 92 93 94 96 98 100 102 102 97 97 96 94 93 92 91 90 89 89 88 87 85 84 83 82 76 76 77 78 80 81 82 82 86 87 88 89 90 91 92 93 93 94 95 96 97 98 99 100 93 92 92 91 90 89 88 88 79 79 78 76 75 74 73 72 80 80 81 81 81 82 82 82 92 93 94 95 96 98 99 99 101 101 101 101 101 101 101 101 97 97 98 99 101 102 103 103 101 100 98 99 103 111 119 124 128 122 112 106 106 113 123 130 126
62 58 53 53 59 73 87 97 98 99 99 98 94 90 85 82 69 70 71 73 76 80 84 87 83 83 84 85 87 88 89 89 92 93 94 96 98 100 102 102 97 97 96 94 93 92 91 90 91 90 89 88 87 85 84 84 76 76 77 78 80 81 82 82 86 87 88 89 90 91 92 93 93 94 95 96 97 98 99 100 93 93 91 90 88 86 85 84 78 77 76 75 73 72 71 71 78 78 77 77 77 76 76 76 88 88 89 91 92 93 94 95 100 100 100 100 100 100 100 100 97 97 98 99 101 102 103 103 103 101 99 99 103 110 117 122 130 123 113 106 106 112 122 128 123
61 57 52 51 58 71 86 96 100 100 100 98 94 89 83 80 72 73 74 77 79 81 82 83 83 83 84 85 87 88 89 89 93 93 93 94 95 96 97 97 100 100 99 98 96 95 94 93 90 89 88 87 86 84 83 83 76 76 77 78 80 81 82 82 86 87 88 89 90 91 92 93 93 94 95 96 97 98 99 100 94 93 91 89 86 84 82 81 79 78 77 76 75 73 72 72 76 75 74 73 72 71 70 70 82 82 83 84 86 87 88 88 96 96 96 96 96 96 96 96 97 97 98 99 101 102 103 103 105 103 100 100 103 109 116 120 132 125 114 106 105 111 120 126 120
60 56 51 50 57 70 85 95 101 101 101 98 94 88 82 79 75 77 79 80 81 80 79 78 83 83 84 85 87 88 89 89 93 93 93 92 91 90 89 89 94 93 92 91 89 88 87 87 87 87 86 85 83 82 81 80 76 76 77 78 80 81 82 82 86 87 88 89 90 91 92 93 93 94 95 96 97 98 99 100 94 93 91 88 85 82 80 79 81 81 80 78 77 76 75 74 74 73 72 71 69 67 66 65 75 76 77 78 79 81 82 82 92 92 92 92 92 92 92 92 97 97 98 99 101 102 103 103 107 104 101 100 102 108 115 119 134 126 115 107 105 110 119 125 118
59 55 50 50 57 70 84 94 102 102 101 98 94 87 82 78 78 79 81 82 82 79 77 75 83 83 84 85 87 88 89 89 94 93 92 90 88 86 84 84 81 80 79 78 77 75 74 74 86 85 84 83 81 80 79 79 76 76 77 78 80 81 82 82 86 87 88 89 90 91 92 93 93 94 95 96 97 98 99 100 94 93 91 88 84 81 79 77 83 82 81 80 79 77 76 76 73 72 71 69 67 65 64 63 71 72 73 74 75 76 77 78 89 89 89 89 89 89 89 89 97 97 98 99 101 102 103 103 108 105 102 100 102 108 114 118 134 127 116 107 105 110 118 124 117
58 63 64 57 50 56 77 96 102 100 96 92 87 83 79 77 77 78 78 79 79 80 80 81 71 75 80 85 86 83 79 76 70 73 76 78 76 71 65 61 73 71 67 63 62 62 63 64 64 66 70 74 77 77 76 76 75 74 72 72 73 76 80 82 81 80 80 82 85 90 95 98 93 93 93 93 93 93 93 93 93 92 90 88 85 82 80 79 76 75 74 73 71 70 69 69 62 63 65 68 71 73 75 76 81 81 81 81 81 81 81 81 82 82 83 84 84 85 85 85 97 97 98 100 101 102 103 104 106 104 101 100 103 108 115 120 124 119 112 106 103 104 107 109 115
58 63 64 56 49 56 76 95 101 99 96 92 87 83 80 78 78 78 79 79 79 79 80 80 80 81 82 81 79 76 73 70 70 74 78 82 83 81 77 75 75 72 68 64 62 62 65 66 68 69 71 72 72 71 70 69 75 74 72 72 73 76 80 82 81 80 80 81 84 89 93 96 93 93 93 93 93 93 93 93 93 91 90 87 84 82 80 79 71 71 70 68 67 66 65 64 59 60 61 63 64 65 65 65 62 62 62 62 62 62 62 62 73 74 76 79 80 82 82 82 91 92 95 97 100 103 105 106 106 104 101 100 103 108 115 120 125 120 113 106 103 103 106 108 111
57 62 63 55 48 55 75 94 99 98 95 91 88 84 81 80 80 80 79 79 79 79 78 78 88 85 80 74 70 68 67 67 72 75 79 84 86 87 86 85 74 70 64 60 59 61 64 67 69 69 68 68 67 66 65 64 75 74 72 72 73 76 80 82 81 80 80 80 83 87 91 94 92 92 92 92 92 92 92 92 91 90 88 86 83 81 79 78 68 67 66 65 63 62 61 61 57 58 60 60 59 56 53 51 49 49 49 49 49 49 49 49 59 62 67 72 75 77 77 77 83 85 88 93 98 103 107 109 106 104 101 100 103 108 115 120 128 123 115 107 102 101 103 105 105
55 60 61 54 47 54 74 93 97 96 94 91 88 85 83 82 81 81 80 79 79 78 77 77 84 80 72 66 63 64 67 69 74 75 76 77 78 78 77 77 64 60 54 50 50 55 62 67 64 63 62 62 63 65 67 68 75 74 72 72 73 76 80 82 82 81 79 79 81 85 88 91 90 90 90 90 90 90 90 90 90 89 87 85 82 79 77 76 69 69 68 67 65 64 63 63 61 62 64 64 61 55 49 45 50 50 50 50 50 50 50 50 48 52 60 67 72 73 73 72 74 76 81 88 95 102 107 110 106 104 101 100 103 108 115 120 132 126 117 108 102 99 100 101 98
54 59 60 52 46 52 73 91 95 95 93 91 88 86 84 84 83 83 82 80 78 76 75 75 72 68 63 60 60 64 69 73 73 71 67 63 60 58 56 55 51 46 41 38 42 51 62 69 60 59 58 59 62 67 73 77 75 74 72 72 73 76 80 82 82 81 79 78 79 82 85 87 89 89 89 89 89 89 89 89 89 88 86 83 80 78 76 75 74 74 73 72 70 69 68 68 67 69 72 73 69 62 53 47 51 51 51 51 51 51 51 51 44 50 59 68 73 73 71 68 67 70 76 83 91 99 104 107 106 104 101 100 103 108 115 120 136 129 119 108 101 97 97 97 94
53 57 58 51 44 51 71 90 94 93 92 90 89 87 86 85 85 84 83 80 78 75 74 73 61 60 59 59 61 63 67 69 65 61 55 48 42 39 38 38 40 36 32 32 40 54 70 80 66 64 61 59 62 68 75 79 75 74 72 72 73 76 80 82 83 81 79 77 78 80 82 84 87 87 87 87 87 87 87 87 87 86 84 82 79 77 75 74 76 76 75 74 72 71 70 69 69 73 78 81 77 69 59 52 45 45 45 45 45 45 45 45 48 55 65 74 77 75 71 67 64 67 73 80 87 94 99 102 106 104 101 100 103 108 115 120 139 132 121 109 100 95 93 93 92
52 56 57 50 43 50 70 89 92 92 91 90 89 88 87 87 87 86 83 81 77 75 72 71 59 60 61 62 61 59 56 55 53 49 42 36 32 32 33 34 37 33 30 33 45 64 83 96 83 78 70 63 61 64 69 73 75 74 72 72 73 76 80 82 83 81 79 77 76 78 80 82 86 86 86 86 86 86 86 86 86 85 83 81 78 75 74 72 73 72 71 70 69 67 66 66 66 71 78 82 80 72 61 54 45 45 45 45 45 45 45 45 57 64 74 82 84 79 72 66 64 67 71 77 83 89 94 96 106 104 101 100 103 108 115 120 142 135 123 110 99 93 91 90 92
51 56 57 50 43 49 70 88 91 91 91 90 89 88 88 88 88 86 84 81 77 74 72 70 61 63 65 65 62 55 47 42 43 40 34 30 29 31 35 38 37 34 32 37 51 73 95 109 98 90 78 67 61 60 62 65 75 74 72 72 73 76 80 82 83 81 79 76 76 77 79 80 86 86 86 86 86 86 86 86 86 85 83 80 77 75 73 72 68 68 67 66 64 63 62 61 61 67 76 81 80 72 61 54 52 52 52 52 52 52 52 52 63 70 80 88 88 82 73 67 65 67 71 76 81 86 90 92 106 104 101 100 103 108 115 120 144 136 124 110 99 93 90 89 93
43 53 57 48 36 37 56 76 96 96 95 94 92 91 90 90 91 90 86 82 77 73 69 67 54 54 54 54 54 54 54 54 47 45 41 37 35 35 36 37 24 28 37 48 59 70 79 83 70 69 68 65 63 61 59 58 68 69 71 74 77 79 81 82 86 83 80 77 76 76 77 79 76 76 77 78 80 81 82 82 88 89 89 87 84 79 74 71 77 76 75 73 71 69 67 67 72 72 72 72 72 72 72 72 60 60 60 60 60 60 60 60 64 65 67 70 73 75 77 78 76 77 79 81 83 85 86 87 83 89 95 97 97 103 113 122 132 143 138 114 96 93 88 78 86
42 51 55 48 38 41 60 79 96 96 95 94 92 91 90 90 89 87 84 80 75 71 68 66 56 56 56 56 56 56 56 56 56 54 50 47 45 45 46 47 41 43 48 54 61 67 72 75 70 70 70 71 71 72 72 73 69 70 72 75 77 80 82 83 85 83 79 76 75 75 77 78 76 76 77 78 80 81 82 82 87 88 88 87 84 79 75 72 75 74 74 73 72 71 71 70 76 76 76 76 76 76 76 76 69 69 69 69 69 69 69 69 68 69 71 73 76 79 81 82 83 83 84 85 86 86 87 87 85 90 96 97 98 103 113 122 134 144 138 113 96 93 89 79 86
42 49 53 48 42 48 66 83 96 96 95 94 92 91 90 90 85 84 81 77 73 70 67 65 60 60 60 60 60 60 60 60 67 64 61 58 57 58 60 61 61 62 62 63 65 66 66 67 71 72 74 77 79 82 84 85 70 71 73 76 78 81 83 84 84 82 78 75 74 74 76 77 76 76 77 78 80 81 82 82 86 87 87 87 84 80 76 73 71 72 72 73 74 75 75 76 80 80 80 80 80 80 80 80 77 77 77 77 77 77 77 77 73 74 76 79 81 84 86 87 93 92 92 91 90 89 89 88 87 92 98 99 98 103 113 122 136 146 139 113 95 94 91 82 87
44 48 51 48 47 55 72 86 96 96 95 94 92 91 90 90 82 81 79 76 73 70 67 66 66 66 66 66 66 66 66 66 72 70 67 65 65 66 68 70 73 73 72 71 70 69 68 68 74 75 76 78 79 81 82 83 71 72 74 77 80 82 84 85 83 80 77 74 73 73 74 76 76 76 77 78 80 81 82 82 84 85 86 86 85 81 77 75 70 70 72 74 76 78 79 80 78 78 78 78 78 78 78 78 81 81 81 81 81 81 81 81 78 79 81 84 87 89 91 92 101 100 99 97 95 93 91 90 90 95 100 100 99 103 113 121 140 148 139 112 94 94 93 86 89
50 50 50 49 52 61 76 87 96 96 95 94 92 91 90 90 82 81 79 77 74 72 71 70 71 71 71 71 71 71 71 71 72 71 68 67 68 70 72 74 75 75 75 75 75 74 74 74 78 77 76 74 73 71 70 70 73 74 76 78 81 84 86 87 81 79 76 73 71 72 73 74 76 76 77 78 80 81 82 82 82 83 85 86 85 82 79 77 71 72 73 75 77 79 81 81 73 73 73 73 73 73 73 73 79 79 79 79 79 79 79 79 81 82 84 87 89 92 94 95 104 103 101 100 97 96 94 93 94 98 103 102 100 103 112 121 143 150 140 111 93 95 96 89 90
58 55 52 51 56 65 76 84 96 96 95 94 92 91 90 90 83 83 82 80 79 77 76 75 77 77 77 77 77 77 77 77 73 71 70 69 70 73 76 78 76 76 76 76 76 76 76 76 77 75 73 71 68 65 63 62 74 75 77 80 82 85 87 88 80 78 74 71 70 70 72 73 76 76 77 78 80 81 82 82 80 82 84 86 85 83 81 79 75 76 76 77 78 79 79 80 71 71 71 71 71 71 71 71 77 77 77 77 77 77 77 77 81 82 84 87 90 92 94 95 101 101 100 99 98 98 97 97 97 101 105 104 101 104 112 120 147 153 140 111 93 95 98 93 92
67 60 54 53 58 67 75 79 96 96 95 94 92 91 90 90 86 86 85 84 83 82 82 81 81 81 81 81 81 81 81 81 77 75 74 74 76 79 83 85 82 81 79 77 75 73 71 70 71 71 70 70 69 69 68 68 75 76 78 81 83 86 88 89 79 77 73 70 69 69 71 72 76 76 77 78 80 81 82 82 79 81 83 85 86 84 82 80 81 80 80 79 78 77 77 76 75 75 75 75 75 75 75 75 79 79 79 79 79 79 79 79 80 81 83 86 88 91 93 94 95 96 96 97 98 99 99 100 99 104 107 105 102 104 112 120 150 154 141 110 92 96 99 95 93
72 64 55 54 59 68 74 76 96 96 95 94 92 91 90 90 89 88 88 87 86 86 85 85 83 83 83 83 83 83 83 83 81 80 79 79 81 84 88 91 88 86 82 78 73 68 65 63 65 66 68 70 73 75 77 78 76 77 79 81 84 87 89 90 78 76 73 70 68 69 70 71 76 76 77 78 80 81 82 82 78 80 83 85 86 85 83 81 84 84 82 80 78 76 75 74 79 79 79 79 79 79 79 79 82 82 82 82 82 82 82 82 79 80 82 84 87 90 92 93 91 92 93 95 97 99 101 101 101 105 108 106 103 104 112 120 151 155 141 110 92 96 100 97 93
65 72 75 68 58 58 71 85 94 95 98 99 99 98 95 94 93 93 93 93 93 93 93 93 82 81 80 79 78 76 75 75 75 75 75 75 75 75 75 75 77 76 75 73 71 69 67 67 64 67 71 76 80 81 81 81 90 89 88 87 85 84 83 83 75 73 71 69 69 71 73 75 76 76 77 78 80 81 82 82 86 86 86 86 86 86 86 86 82 82 82 82 82 82 82 82 77 78 79 81 83 85 87 87 86 86 86 86 86 86 86 86 93 93 93 93 93 93 93 93 97 97 98 99 101 102 103 103 104 104 105 106 108 109 110 110 154 162 145 109 101 118 114 89 107
64 71 74 67 56 56 69 82 94 95 98 99 99 98 95 94 93 93 93 93 93 93 93 93 85 84 83 82 81 79 78 78 78 78 78 78 78 78 78 78 77 76 75 74 72 70 69 69 66 69 74 78 81 82 82 82 89 89 88 86 85 84 83 82 75 73 71 69 69 71 73 75 76 76 77 78 80 81 82 82 86 86 86 86 86 86 86 86 83 83 83 83 83 83 83 83 79 79 80 82 84 85 87 87 86 86 86 86 86 86 86 86 93 93 93 93 93 93 93 93 97 97 98 99 101 102 103 103 104 104 105 106 108 109 110 110 155 164 146 109 100 118 117 95 108
64 71 74 66 55 54 66 80 94 95 98 99 99 98 95 94 93 93 93 93 93 93 93 93 89 89 88 86 85 84 83 82 82 82 82 82 82 82 82 82 78 77 76 75 74 73 72 72 71 73 77 81 84 85 84 83 88 88 87 85 84 83 82 81 75 73 71 69 69 71 73 75 76 76 77 78 80 81 82 82 86 86 86 86 86 86 86 86 84 84 84 84 84 84 84 84 81 82 82 83 85 86 86 87 87 87 87 87 87 87 87 87 93 93 93 93 93 93 93 93 97 97 98 99 101 102 103 103 104 104 105 106 108 109 110 110 157 168 150 112 101 119 121 103 110
67 73 75 67 55 53 65 78 94 95 98 99 99 98 95 94 93 93 93 93 93 93 93 93 93 92 91 90 89 87 86 86 86 86 86 86 86 86 86 86 79 78 78 78 77 77 77 77 76 79 83 86 88 88 86 85 87 86 85 84 83 81 80 80 75 73 71 69 69 71 73 75 76 76 77 78 80 81 82 82 86 86 86 86 86 86 86 86 85 85 85 85 85 85 85 85 84 84 85 85 85 86 86 86 89 89 89 89 89 89 89 89 93 93 93 93 93 93 93 93 97 97 98 99 101 102 103 103 104 104 105 106 108 109 110 110 156 170 156 118 104 121 126 111 113
71 78 79 70 57 55 66 79 94 95 98 99 99 98 95 94 93 93 93 93 93 93 93 93 94 94 93 92 90 89 88 87 87 87 87 87 87 87 87 87 79 80 80 80 81 81 81 81 83 85 88 91 92 91 89 88 85 85 84 82 81 80 79 78 75 73 71 69 69 71 73 75 76 76 77 78 80 81 82 82 86 86 86 86 86 86 86 86 87 87 87 87 87 87 87 87 88 88 87 87 87 86 86 86 90 90 90 90 90 90 90 90 93 93 93 93 93 93 93 93 97 97 98 99 101 102 103 103 104 104 105 106 108 109 110 110 151 172 165 128 111 125 130 115 115
78 84 85 75 62 59 70 82 94 95 98 99 99 98 95 94 93 93 93 93 93 93 93 93 93 93 92 90 89 88 87 86 86 86 86 86 86 86 86 86 80 81 82 83 84 85 86 86 89 90 93 95 95 94 91 90 84 83 82 81 80 78 77 77 75 73 71 69 69 71 73 75 76 76 77 78 80 81 82 82 86 86 86 86 86 86 86 86 88 88 88 88 88 88 88 88 91 90 90 89 87 86 86 85 92 92 92 92 92 92 92 92 93 93 93 93 93 93 93 93 97 97 98 99 101 102 103 103 104 104 105 106 108 109 110 110 143 172 174 141 122 131 131 116 118
85 91 92 81 67 63 74 86 94 95 98 99 99 98 95 94 93 93 93 93 93 93 93 93 91 90 89 88 87 85 84 84 84 84 84 84 84 84 84 84 81 82 83 84 86 88 89 89 93 95 97 98 98 96 93 91 83 82 81 80 79 77 76 76 75 73 71 69 69 71 73 75 76 76 77 78 80 81 82 82 86 86 86 86 86 86 86 86 89 89 89 89 89 89 89 89 93 93 92 90 88 87 85 85 93 93 93 93 93 93 93 93 93 93 93 93 93 93 93 93 97 97 98 99 101 102 103 103 104 104 105 106 108 109 110 110 134 170 182 153 132 136 132 114 120
90 95 95 85 70 66 77 89 94 95 98 99 99 98 95 94 93 93 93 93 93 93 93 93 89 89 88 86 85 84 83 82 82 82 82 82 82 82 82 82 81 82 83 85 87 89 91 91 96 97 99 100 100 97 94 92 82 82 81 80 78 77 76 75 75 73 71 69 69 71 73 75 76 76 77 78 80 81 82 82 86 86 86 86 86 86 86 86 90 90 90 90 90 90 90 90 95 94 93 91 89 87 85 85 93 93 93 93 93 93 93 93 93 93 93 93 93 93 93 93 97 97 98 99 101 102 103 103 104 104 105 106 108 109 110 110 129 170 187 161 138 139 132 113 121
78 85 89 83 74 72 81 92 93 93 93 93 93 93 93 93 97 97 97 97 97 97 97 97 93 92 91 90 89 88 87 86 84 84 83 83 82 81 81 81 85 87 91 95 97 97 96 95 97 96 95 94 92 91 90 90 81 81 82 82 83 84 84 84 77 75 72 69 69 70 72 73 76 78 82 85 86 86 84 83 83 83 84 85 87 88 89 89 90 90 90 90 90 90 90 90 90 90 91 92 94 95 96 96 89 89 89 89 89 89 89 89 89 89 89 89 89 89 89 89 97 97 98 99 101 102 103 103 104 104 105 106 108 109 110 110 134 154 174 175 157 135 121 116 118
82 87 90 86 78 77 85 94 93 93 93 93 93 93 93 93 97 97 97 97 97 97 97 97 93 92 91 90 89 88 87 86 84 84 83 83 83 82 82 82 86 88 92 95 97 97 95 94 96 96 95 93 92 91 90 89 81 81 82 82 82 83 83 83 76 74 71 69 69 70 73 74 76 78 82 85 86 86 84 83 83 83 84 85 87 88 89 89 90 90 90 90 90 90 90 90 90 90 91 92 94 95 96 96 90 90 90 90 90 90 90 90 90 90 90 90 90 90 90 90 97 97 98 99 101 102 103 103 104 104 105 106 108 109 110 110 133 153 173 174 156 134 120 115 115
88 91 93 89 84 83 89 96 93 93 93 93 93 93 93 93 97 97 97 97 97 97 97 97 93 92 91 90 89 88 87 86 83 83 84 84 84 84 84 85 87 89 93 95 97 96 94 93 95 95 94 92 91 90 89 88 82 82 81 81 81 81 81 80 74 73 70 69 69 71 74 76 76 78 82 85 86 86 84 83 83 83 84 85 87 88 89 89 90 90 90 90 90 90 90 90 90 90 91 92 94 95 96 96 91 91 91 91 91 91 91 91 91 91 91 91 91 91 91 91 97 97 98 99 101 102 103 103 104 104 105 106 108 109 110 110 131 151 171 172 154 132 117 113 110
94 94 93 91 89 90 94 97 93 93 93 93 93 93 93 93 97 97 97 97 97 97 97 97 93 92 91 90 89 88 87 86 83 83 84 85 86 87 87 88 89 91 94 96 96 95 93 91 94 93 92 91 90 88 87 87 82 82 81 80 79 78 78 77 72 71 69 69 70 72 75 77 76 78 82 85 86 86 84 83 83 83 84 85 87 88 89 89 90 90 90 90 90 90 90 90 90 90 91 92 94 95 96 96 92 92 92 92 92 92 92 92 92 92 92 92 92 92 92 92 97 97 98 99 101 102 103 103 104 104 105 106 108 109 110 110 128 148 168 169 152 129 115 110 104
99 95 91 90 92 95 96 96 93 93 93 93 93 93 93 93 97 97 97 97 97 97 97 97 93 92 91 90 89 88 87 86 82 83 84 86 88 89 91 91 91 93 95 96 96 94 91 89 92 92 91 89 88 87 86 85 83 82 81 79 77 76 74 74 70 69 68 68 70 73 77 79 76 78 82 85 86 86 84 83 83 83 84 85 87 88 89 89 90 90 90 90 90 90 90 90 90 90 91 92 94 95 96 96 94 94 94 94 94 94 94 94 94 94 94 94 94 94 94 94 97 97 98 99 101 102 103 103 104 104 105 106 108 109 110 110 126 145 165 167 149 126 112 107 96
100 94 87 88 93 97 95 92 93 93 93 93 93 93 93 93 97 97 97 97 97 97 97 97 93 92 91 90 89 88 87 86 82 83 84 87 89 92 93 94 93 94 96 97 95 93 89 87 91 90 89 88 87 85 84 84 83 82 81 78 76 73 72 71 69 68 67 68 70 74 79 81 76 78 82 85 86 86 84 83 83 83 84 85 87 88 89 89 90 90 90 90 90 90 90 90 90 90 91 92 94 95 96 96 95 95 95 95 95 95 95 95 95 95 95 95 95 95 95 95 97 97 98 99 101 102 103 103 104 104 105 106 108 109 110 110 123 142 162 164 146 123 109 105 90
100 91 83 84 92 97 94 88 93 93 93 93 93 93 93 93 97 97 97 97 97 97 97 97 93 92 91 90 89 88 87 86 81 83 85 88 91 93 96 97 94 95 97 97 95 92 88 86 90 89 88 87 86 84 83 83 84 82 80 77 74 72 69 68 67 67 66 68 71 75 80 83 76 78 82 85 86 86 84 83 83 83 84 85 87 88 89 89 90 90 90 90 90 90 90 90 90 90 91 92 94 95 96 96 96 96 96 96 96 96 96 96 96 96 96 96 96 96 96 96 97 97 98 99 101 102 103 103 104 104 105 106 108 109 110 110 121 140 160 162 144 121 107 103 85
99 89 80 81 91 96 92 85 93 93 93 93 93 93 93 93 97 97 97 97 97 97 97 97 93 92 91 90 89 88 87 86 81 82 85 88 91 94 97 98 95 96 97 97 95 91 87 85 89 89 88 87 85 84 83 82 84 83 80 77 74 71 68 67 66 66 66 67 71 76 80 83 76 78 82 85 86 86 84 83 83 83 84 85 87 88 89 89 90 90 90 90 90 90 90 90 90 90 91 92 94 95 96 96 97 97 97 97 97 97 97 97 97 97 97 97 97 97 97 97 97 97 98 99 101 102 103 103 104 104 105 106 108 109 110 110 120 139 159 161 143 120 106 102 82
78 85 91 91 88 89 94 100 93 93 93 93 93 93 93 93 93 93 93 93 93 93 93 93 90 90 90 90 90 90 90 90 90 90 91 92 94 95 96 96 97 97 97 97 97 97 97 97 92 94 95 96 96 93 90 88 80 78 74 70 68 68 69 70 75 76 77 78 80 81 82 82 86 86 86 86 86 86 86 86 84 83 82 82 84 87 91 94 84 84 83 83 82 81 81 80 87 89 92 95 97 96 95 94 97 97 97 97 97 97 97 97 97 97 97 97 97 97 97 97 97 97 98 99 101 102 103 103 104 104 105 106 108 109 110 110 124 143 153 147 140 135 117 93 82
77 84 91 92 89 89 94 99 93 93 93 93 93 93 93 93 93 93 93 93 93 93 93 93 90 90 90 90 90 90 90 90 90 90 91 92 94 95 96 96 97 97 97 97 97 97 97 97 92 94 95 96 95 92 89 87 79 77 73 70 68 68 70 71 76 76 77 79 80 81 82 83 86 86 86 86 86 86 86 86 85 84 83 83 84 88 91 94 86 85 84 83 82 81 81 80 87 89 92 95 97 96 95 94 97 97 97 97 97 97 97 97 97 97 97 97 97 97 97 97 97 97 98 99 101 102 103 103 104 104 105 106 108 109 110 110 124 142 152 146 140 135 118 95 83
76 83 92 94 91 90 93 98 93 93 93 93 93 93 93 93 93 93 93 93 93 93 93 93 90 90 90 90 90 90 90 90 90 90 91 92 94 95 96 96 97 97 97 97 97 97 97 97 93 94 95 95 94 90 87 85 78 76 72 70 68 69 71 72 77 77 78 80 81 82 83 84 87 87 87 87 87 87 87 87 88 86 85 84 85 88 91 93 88 87 86 85 83 82 80 80 87 89 92 95 97 96 95 94 97 97 97 97 97 97 97 97 97 97 97 97 97 97 97 97 97 97 98 99 101 102 103 103 104 104 105 106 108 109 110 110 124 142 151 144 138 136 119 98 85
74 83 92 96 93 91 92 96 93 93 93 93 93 93 93 93 93 93 93 93 93 93 93 93 90 90 90 90 90 90 90 90 90 90 91 92 94 95 96 96 97 97 97 97 97 97 97 97 93 94 95 94 92 88 84 81 76 74 71 69 69 70 72 74 78 79 80 81 82 84 85 85 89 89 89 89 89 89 89 89 91 89 87 86 86 88 91 93 91 90 89 86 84 82 80 79 87 89 92 95 97 96 95 94 97 97 97 97 97 97 97 97 97 97 97 97 97 97 97 97 97 97 98 99 101 102 103 103 104 104 105 106 108 109 110 110 125 141 149 141 137 136 122 102 88
71 82 93 98 95 91 92 94 93 93 93 93 93 93 93 93 93 93 93 93 93 93 93 93 90 90 90 90 90 90 90 90 90 90 91 92 94 95 96 96 97 97 97 97 97 97 97 97 94 94 94 93 90 86 81 78 74 72 70 69 69 71 74 76 80 80 81 83 84 85 86 87 90 90 90 90 90 90 90 90 94 92 90 87 87 88 91 92 95 93 91 88 85 82 80 79 87 89 92 95 97 96 95 94 97 97 97 97 97 97 97 97 97 97 97 97 97 97 97 97 97 97 98 99 101 102 103 103 104 104 105 106 108 109 110 110 125 140 147 139 135 136 125 106 91
69 81 94 100 97 92 91 91 93 93 93 93 93 93 93 93 93 93 93 93 93 93 93 93 90 90 90 90 90 90 90 90 90 90 91 92 94 95 96 96 97 97 97 97 97 97 97 97 94 95 94 92 88 83 78 75 72 71 69 68 70 72 76 78 81 82 83 84 85 87 88 88 92 92 92 92 92 92 92 92 97 95 92 89 88 89 90 92 98 96 94 90 86 83 80 78 87 89 92 95 97 96 95 94 97 97 97 97 97 97 97 97 97 97 97 97 97 97 97 97 97 97 98 99 101 102 103 103 104 104 105 106 108 109 110 110 125 140 145 136 133 136 127 110 94
68 80 95 102 99 93 90 90 93 93 93 93 93 93 93 93 93 93 93 93 93 93 93 93 90 90 90 90 90 90 90 90 90 90 91 92 94 95 96 96 97 97 97 97 97 97 97 97 95 95 94 92 87 81 76 72 71 70 68 68 70 73 77 79 82 83 84 85 86 88 89 89 93 93 93 93 93 93 93 93 100 97 94 91 89 89 90 91 100 99 95 91 87 83 80 78 87 89 92 95 97 96 95 94 97 97 97 97 97 97 97 97 97 97 97 97 97 97 97 97 97 97 98 99 101 102 103 103 104 104 105 106 108 109 110 110 125 139 143 134 132 136 129 113 96
67 80 95 102 100 93 90 89 93 93 93 93 93 93 93 93 93 93 93 93 93 93 93 93 90 90 90 90 90 90 90 90 90 90 91 92 94 95 96 96 97 97 97 97 97 97 97 97 95 95 94 91 86 80 74 71 70 69 68 68 70 74 78 80 83 83 84 85 87 88 89 90 93 93 93 93 93 93 93 93 101 99 95 91 89 89 90 91 102 100 96 92 87 83 79 78 87 89 92 95 97 96 95 94 97 97 97 97 97 97 97 97 97 97 97 97 97 97 97 97 97 97 98 99 101 102 103 103 104 104 105 106 108 109 110 110 125 139 142 133 131 136 130 115 97
71 85 100 107 101 91 82 79 90 90 90 90 90 90 90 90 90 90 90 90 90 90 90 90 93 93 93 93 93 93 93 93 90 90 91 92 94 95 96 96 97 97 97 97 97 97 97 97 91 91 90 88 83 77 71 67 71 72 74 75 77 79 81 81 72 74 77 81 85 89 92 93 97 97 97 97 97 97 97 97 98 95 90 88 88 92 97 101 101 102 102 101 99 94 90 87 76 79 85 90 95 97 97 97 97 97 97 97 97 97 97 97 97 97 97 97 97 97 97 97 100 100 100 100 100 100 100 100 104 104 105 106 108 109 110 110 127 127 127 126 122 118 113 110 96
70 83 99 105 101 91 85 82 90 90 90 90 90 90 90 90 89 89 89 89 89 89 89 89 93 93 93 93 93 93 93 93 90 90 91 92 94 95 96 96 97 97 97 97 97 97 97 97 91 91 90 88 84 78 72 69 69 69 70 72 74 75 77 77 71 73 76 80 84 88 91 92 95 95 95 95 95 95 95 95 91 89 85 82 83 86 90 93 95 96 98 98 97 94 91 89 76 79 85 90 95 97 97 97 97 97 97 97 97 97 97 97 97 97 97 97 97 97 97 97 100 100 100 100 100 100 100 100 104 104 105 106 108 109 110 110 125 126 126 125 122 117 113 110 98
68 81 96 103 100 92 88 87 90 90 90 90 90 90 90 90 88 88 88 88 88 88 88 88 92 92 92 92 92 92 92 92 90 90 91 92 94 95 96 96 97 97 97 97 97 97 97 97 91 91 91 89 85 80 74 71 65 65 66 67 68 69 70 70 69 71 74 78 82 86 88 90 92 92 92 92 92 92 92 92 85 83 80 78 77 79 82 83 85 87 90 93 94 94 92 91 76 79 85 90 95 97 97 97 97 97 97 97 97 97 97 97 97 97 97 97 97 97 97 97 100 100 100 100 100 100 100 100 104 104 105 106 108 109 110 110 123 124 124 124 121 117 113 110 101
69 81 95 101 98 92 90 90 90 90 90 90 90 90 90 90 87 87 87 87 87 87 87 87 90 90 90 90 90 90 90 90 90 90 91 92 94 95 96 96 97 97 97 97 97 97 97 97 90 91 91 90 87 82 77 74 61 62 62 62 63 63 63 63 67 68 71 75 79 83 86 87 88 88 88 88 88 88 88 88 82 81 80 78 77 77 77 77 75 78 82 87 90 91 91 90 76 79 85 90 95 97 97 97 97 97 97 97 97 97 97 97 97 97 97 97 97 97 97 97 100 100 100 100 100 100 100 100 104 104 105 106 108 109 110 110 120 121 122 122 120 117 113 111 105
74 84 95 99 95 90 89 90 90 90 90 90 90 90 90 90 85 85 85 85 85 85 85 85 89 89 89 89 89 89 89 89 90 90 91 92 94 95 96 96 97 97 97 97 97 97 97 97 90 91 91 91 88 85 80 78 60 60 60 60 59 59 59 58 64 65 68 72 76 80 83 84 84 84 84 84 84 84 84 84 83 83 82 81 80 77 75 74 67 70 75 81 84 86 87 86 76 79 85 90 95 97 97 97 97 97 97 97 97 97 97 97 97 97 97 97 97 97 97 97 100 100 100 100 100 100 100 100 104 104 105 106 108 109 110 110 116 118 119 120 119 117 113 111 109
80 89 97 98 92 87 86 87 90 90 90 90 90 90 90 90 84 84 84 84 84 84 84 84 87 87 87 87 87 87 87 87 90 90 91 92 94 95 96 96 97 97 97 97 97 97 97 97 89 90 92 92 90 87 83 81 62 62 61 60 59 58 57 56 61 63 65 69 73 77 80 82 80 80 80 80 80 80 80 80 80 81 82 82 79 75 70 68 63 66 71 75 79 80 80 80 76 79 85 90 95 97 97 97 97 97 97 97 97 97 97 97 97 97 97 97 97 97 97 97 100 100 100 100 100 100 100 100 104 104 105 106 108 109 110 110 113 115 117 118 118 116 114 112 113
88 94 100 98 89 83 81 83 90 90 90 90 90 90 90 90 83 83 83 83 83 83 83 83 86 86 86 86 86 86 86 86 90 90 91 92 94 95 96 96 97 97 97 97 97 97 97 97 89 90 92 93 92 89 86 84 65 64 63 61 60 58 57 56 59 60 63 67 71 75 78 80 77 77 77 77 77 77 77 77 74 75 77 77 74 68 62 58 62 64 68 72 74 75 74 73 76 79 85 90 95 97 97 97 97 97 97 97 97 97 97 97 97 97 97 97 97 97 97 97 100 100 100 100 100 100 100 100 104 104 105 106 108 109 110 110 111 112 115 117 118 116 114 112 116
93 98 101 97 88 80 79 80 90 90 90 90 90 90 90 90 82 82 82 82 82 82 82 82 86 86 86 86 86 86 86 86 90 90 91 92 94 95 96 96 97 97 97 97 97 97 97 97 89 90 92 93 92 90 87 85 67 66 65 63 61 59 58 57 58 59 62 66 70 74 77 79 75 75 75 75 75 75 75 75 67 69 72 72 68 62 55 50 62 64 67 70 72 71 70 68 76 79 85 90 95 97 97 97 97 97 97 97 97 97 97 97 97 97 97 97 97 97 97 97 100 100 100 100 100 100 100 100 104 104 105 106 108 109 110 110 109 111 114 116 117 116 114 113 118
100 99 97 94 92 89 87 86 86 86 86 86 86 86 86 86 83 83 83 83 83 83 83 83 83 83 83 83 83 83 83 83 86 87 88 89 90 91 92 93 92 94 97 99 100 99 97 95 90 90 90 90 90 90 90 90 73 71 68 63 58 54 51 49 61 60 59 58 60 63 66 68 69 69 69 69 69 69 69 69 74 73 71 70 67 66 64 63 68 67 67 68 70 75 79 82 90 90 91 92 94 95 96 96 97 97 97 97 97 97 97 97 97 97 97 97 97 97 97 97 100 100 100 100 100 100 100 100 100 101 103 106 108 111 113 114 113 113 114 114 115 116 116 116 115
100 99 97 94 92 89 87 86 86 86 86 86 86 86 86 86 83 83 83 83 83 83 83 83 83 83 83 83 83 83 83 83 86 87 88 89 90 91 92 93 92 94 97 99 99 98 96 94 89 89 89 89 89 89 89 89 75 73 70 66 61 57 54 52 56 54 53 53 54 57 60 63 67 67 67 67 67 67 67 67 71 70 70 69 68 67 67 66 68 68 67 68 71 75 80 82 90 90 91 92 94 95 96 96 97 97 97 97 97 97 97 97 97 97 97 97 97 97 97 97 100 100 100 100 100 100 100 100 100 101 103 106 108 111 113 114 113 113 113 112 112 111 111 111 115
100 99 97 94 92 89 87 86 86 86 86 86 86 86 86 86 83 83 83 83 83 83 83 83 83 83 83 83 83 83 83 83 86 87 88 89 90 91 92 93 93 94 97 98 98 96 93 92 87 87 87 87 87 87 87 87 78 76 74 70 66 63 60 58 51 50 48 48 49 52 56 58 65 65 65 65 65 65 65 65 66 67 67 68 69 70 70 71 69 69 68 69 72 76 81 83 90 90 91 92 94 95 96 96 97 97 97 97 97 97 97 97 97 97 97 97 97 97 97 97 100 100 100 100 100 100 100 100 100 101 103 106 108 111 113 114 114 114 112 110 108 106 104 103 113
100 99 97 94 92 89 87 86 86 86 86 86 86 86 86 86 83 83 83 83 83 83 83 83 83 83 83 83 83 83 83 83 86 87 88 89 90 91 92 93 93 95 96 97 96 94 90 88 84 84 84 84 84 84 84 84 80 79 76 73 70 67 65 64 53 52 50 50 51 54 58 60 64 64 64 64 64 64 64 64 63 64 66 67 70 71 73 74 71 70 70 70 73 77 82 85 90 90 91 92 94 95 96 96 97 97 97 97 97 97 97 97 97 97 97 97 97 97 97 97 100 100 100 100 100 100 100 100 100 101 103 106 108 111 113 114 115 114 111 108 105 101 99 98 108
100 99 97 94 92 89 87 86 86 86 86 86 86 86 86 86 83 83 83 83 83 83 83 83 83 83 83 83 83 83 83 83 86 87 88 89 90 91 92 93 94 95 96 96 94 91 87 85 81 81 81 81 81 81 81 81 79 78 77 74 72 70 68 67 61 60 58 58 59 62 65 68 65 65 65 65 65 65 65 65 63 64 66 67 70 71 73 74 72 72 71 72 75 79 83 86 90 90 91 92 94 95 96 96 97 97 97 97 97 97 97 97 97 97 97 97 97 97 97 97 100 100 100 100 100 100 100 100 100 101 103 106 108 111 113 114 115 114 111 108 105 101 99 98 104
100 99 97 94 92 89 87 86 86 86 86 86 86 86 86 86 83 83 83 83 83 83 83 83 83 83 83 83 83 83 83 83 86 87 88 89 90 91 92 93 94 95 96 95 93 89 84 82 78 78 78 78 78 78 78 78 76 76 75 73 71 70 69 68 68 67 65 65 66 69 72 75 69 69 69 69 69 69 69 69 66 67 67 68 69 70 70 71 74 73 72 73 76 80 85 87 90 90 91 92 94 95 96 96 97 97 97 97 97 97 97 97 97 97 97 97 97 97 97 97 100 100 100 100 100 100 100 100 100 101 103 106 108 111 113 114 114 114 112 110 108 106 104 103 108
100 99 97 94 92 89 87 86 86 86 86 86 86 86 86 86 83 83 83 83 83 83 83 83 83 83 83 83 83 83 83 83 86 87 88 89 90 91 92 93 95 95 96 94 91 87 82 79 76 76 76 76 76 76 76 76 73 72 71 70 69 68 68 67 70 68 67 67 68 71 74 77 73 73 73 73 73 73 73 73 71 70 70 69 68 67 67 66 75 74 73 74 77 81 86 88 90 90 91 92 94 95 96 96 97 97 97 97 97 97 97 97 97 97 97 97 97 97 97 97 100 100 100 100 100 100 100 100 100 101 103 106 108 111 113 114 113 113 113 112 112 111 111 111 120
100 99 97 94 92 89 87 86 86 86 86 86 86 86 86 86 83 83 83 83 83 83 83 83 83 83 83 83 83 83 83 83 86 87 88 89 90 91 92 93 95 95 95 94 91 86 81 78 75 75 75 75 75 75 75 75 70 70 69 68 68 67 66 66 69 67 66 66 67 70 73 76 76 76 76 76 76 76 76 76 74 73 71 70 67 66 64 63 75 74 74 75 78 82 86 89 90 90 91 92 94 95 96 96 97 97 97 97 97 97 97 97 97 97 97 97 97 97 97 97 100 100 100 100 100 100 100 100 100 101 103 106 108 111 113 114 113 113 114 114 115 116 116 116 129
93 91 91 94 97 97 91 86 86 86 86 86 86 86 86 86 86 86 86 86 86 86 86 86 82 82 82 82 82 82 82 82 86 87 88 89 90 91 92 93 87 90 92 93 90 85 78 74 72 72 72 72 72 72 72 72 77 76 75 73 71 69 68 67 68 69 71 74 77 79 81 82 79 79 79 79 79 79 79 79 68 68 68 68 68 68 68 68 72 73 74 75 76 77 78 79 86 87 88 89 90 92 93 93 90 90 91 92 94 95 96 97 93 94 95 96 97 98 99 100 100 100 100 100 100 100 100 100 104 102 100 100 103 109 117 121 141 112 100 117 131 133 144 164 163
99 95 91 89 88 87 83 80 86 86 86 86 86 86 86 86 86 86 86 86 86 86 86 86 83 83 83 83 83 83 83 83 86 87 88 89 90 91 92 93 88 89 92 92 89 84 78 74 72 72 72 72 72 72 72 72 76 76 74 73 71 70 68 68 69 70 72 75 77 80 82 83 79 79 79 79 79 79 79 79 69 69 69 69 69 69 69 69 72 73 74 75 76 77 78 79 86 86 87 88 90 91 92 93 89 90 91 92 93 95 96 96 93 94 95 96 97 98 99 100 100 100 100 100 100 100 100 100 104 102 101 101 104 109 116 120 118 108 120 155 183 193 207 225 233
121 115 105 95 87 83 82 83 86 86 86 86 86 86 86 86 86 86 86 86 86 86 86 86 84 84 84 84 84 84 84 84 86 87 88 89 90 91 92 93 88 89 90 89 86 82 77 74 72 72 72 72 72 72 72 72 75 74 74 73 71 70 70 69 70 71 73 76 78 81 83 84 79 79 79 79 79 79 79 79 70 70 70 70 70 70 70 70 72 73 74 75 76 77 78 79 85 85 86 87 89 90 91 92 88 89 90 91 92 94 95 95 93 94 95 96 97 98 99 100 100 100 100 100 100 100 100 100 104 103 102 103 105 109 114 117 97 112 152 202 236 247 255 255 255
150 143 129 111 95 88 89 92 86 86 86 86 86 86 86 86 86 86 86 86 86 86 86 86 85 85 85 85 85 85 85 85 86 87 88 89 90 91 92 93 89 89 88 86 83 80 77 75 72 72 72 72 72 72 72 72 73 73 73 72 72 71 71 71 71 72 74 77 80 82 84 85 79 79 79 79 79 79 79 79 71 71 71 71 71 71 71 71 72 73 74 75 76 77 78 79 83 84 85 86 87 89 90 90 87 87 88 90 91 92 93 94 93 94 95 96 97 98 99 100 100 100 100 100 100 100 100 100 104 104 104 105 107 109 111 113 96 131 187 235 255 255 255 255 247
163 158 144 121 97 84 85 91 86 86 86 86 86 86 86 86 86 86 86 86 86 86 86 86 87 87 87 87 87 87 87 87 86 87 88 89 90 91 92 93 90 88 85 82 79 77 76 76 72 72 72 72 72 72 72 72 71 71 71 72 72 73 73 73 73 74 76 78 81 84 86 87 79 79 79 79 79 79 79 79 73 73 73 73 73 73 73 73 72 73 74 75 76 77 78 79 82 82 83 85 86 87 88 89 85 86 87 88 89 91 92 92 93 94 95 96 97 98 99 100 100 100 100 100 100 100 100 100 103 104 106 108 109 109 109 108 106 156 217 254 255 255 248 242 250
158 157 147 122 93 74 73 79 86 86 86 86 86 86 86 86 86 86 86 86 86 86 86 86 88 88 88 88 88 88 88 88 86 87 88 89 90 91 92 93 91 88 83 79 76 75 76 77 72 72 72 72 72 72 72 72 69 70 70 71 73 74 74 75 74 75 77 80 82 85 87 88 79 79 79 79 79 79 79 79 74 74 74 74 74 74 74 74 72 73 74 75 76 77 78 79 80 81 82 83 85 86 87 87 84 84 85 87 88 89 90 91 93 94 95 96 97 98 99 100 100 100 100 100 100 100 100 100 103 105 108 110 110 109 106 104 120 179 239 255 255 255 255 252 255
155 159 154 130 96 73 69 74 86 86 86 86 86 86 86 86 86 86 86 86 86 86 86 86 89 89 89 89 89 89 89 89 86 87 88 89 90 91 92 93 91 87 81 76 73 73 76 77 72 72 72 72 72 72 72 72 68 68 70 71 73 74 76 76 75 76 78 81 83 86 88 89 79 79 79 79 79 79 79 79 75 75 75 75 75 75 75 75 72 73 74 75 76 77 78 79 79 80 81 82 84 85 86 86 83 83 84 86 87 88 89 90 93 94 95 96 97 98 99 100 100 100 100 100 100 100 100 100 103 106 109 112 112 109 104 101 137 198 251 255 250 253 255 255 254
159 166 165 142 107 81 74 78 86 86 86 86 86 86 86 86 86 86 86 86 86 86 86 86 90 90 90 90 90 90 90 90 86 87 88 89 90 91 92 93 91 87 80 75 72 73 75 78 72 72 72 72 72 72 72 72 67 68 69 71 73 75 76 77 76 77 79 81 84 87 89 90 79 79 79 79 79 79 79 79 76 76 76 76 76 76 76 76 72 73 74 75 76 77 78 79 79 79 80 82 83 84 85 86 82 83 84 85 87 88 89 89 93 94 95 96 97 98 99 100 100 100 100 100 100 100 100 100 103 106 110 113 112 108 103 100 151 210 255 252 235 240 254 255 252
154 157 160 155 139 114 88 72 77 83 88 89 87 85 87 89 90 90 91 92 94 95 96 97 90 90 90 90 90 90 90 90 81 84 88 91 93 94 93 92 84 81 77 74 72 71 72 73 75 75 74 73 71 70 69 68 71 71 71 71 71 71 71 71 77 81 86 91 92 90 86 84 75 76 77 78 80 81 82 82 88 86 84 81 77 74 72 70 72 72 72 72 72 72 72 72 79 79 79 79 79 79 79 79 83 84 85 86 87 89 90 90 86 87 89 92 94 97 99 100 100 100 100 100 100 100 100 100 114 99 95 106 112 106 107 116 170 216 249 246 239 251 255 255 254
157 161 165 163 150 129 107 93 83 86 88 88 87 86 87 89 89 90 91 92 93 95 96 96 90 90 90 90 90 90 90 90 82 85 88 92 93 93 92 91 83 80 77 73 72 72 73 74 76 75 74 73 72 70 69 69 74 74 74 74 74 74 74 74 74 78 83 87 88 87 84 81 76 76 77 79 80 81 82 83 87 86 83 81 77 75 72 71 72 72 72 72 72 72 72 72 79 79 79 79 79 79 79 79 81 81 82 83 85 86 87 88 86 87 89 92 94 97 99 100 100 100 100 100 100 100 100 100 113 99 95 107 111 105 109 120 156 195 223 220 213 222 229 227 232
159 164 169 170 163 149 134 124 93 91 88 87 86 87 89 90 88 89 90 91 92 94 95 95 90 90 90 90 90 90 90 90 84 86 89 92 93 92 91 89 81 79 76 73 72 73 74 76 77 76 75 74 73 71 70 70 77 77 77 77 77 77 77 77 74 76 80 83 84 84 82 81 77 77 78 80 81 82 83 84 85 84 83 80 78 75 74 73 73 73 73 73 73 73 73 73 79 79 79 79 79 79 79 79 77 78 79 80 82 83 84 84 86 87 89 92 94 97 99 100 100 100 100 100 100 100 100 100 111 99 96 107 110 105 112 128 179 205 223 220 214 218 222 219 217
157 161 167 170 168 162 154 149 106 98 88 84 86 89 91 90 87 87 88 90 91 92 93 94 90 90 90 90 90 90 90 90 86 87 90 92 93 91 89 88 79 78 75 73 72 74 76 77 78 78 77 75 74 73 72 71 80 80 80 80 80 80 80 80 77 79 81 83 84 85 85 84 78 79 80 81 82 84 85 85 83 83 82 80 78 76 75 75 75 75 75 75 75 75 75 75 79 79 79 79 79 79 79 79 75 75 76 78 79 80 81 82 86 87 89 92 94 97 99 100 100 100 100 100 100 100 100 100 108 98 98 107 108 105 117 137 200 209 216 215 211 210 208 205 208
153 155 160 163 165 164 162 161 120 105 88 81 85 91 93 91 85 86 87 88 89 91 92 92 90 90 90 90 90 90 90 90 88 89 91 93 92 90 87 86 77 76 74 72 73 75 78 79 80 79 78 77 76 74 73 73 80 80 80 80 80 80 80 80 82 82 82 82 84 86 88 89 80 80 81 83 84 85 86 87 81 81 80 79 79 78 77 77 76 76 76 76 76 76 76 76 79 79 79 79 79 79 79 79 75 75 76 78 79 80 81 82 86 87 89 92 94 97 99 100 100 100 100 100 100 100 100 100 105 98 99 107 106 104 122 148 176 168 163 165 164 158 152 150 177
153 153 154 156 158 161 163 164 133 112 88 79 85 93 95 92 84 84 85 87 88 89 90 91 90 90 90 90 90 90 90 90 89 91 92 93 92 89 86 84 76 74 73 72 73 76 79 81 81 81 80 78 77 76 75 74 77 77 77 77 77 77 77 77 81 79 78 77 78 82 85 88 81 82 83 84 85 87 88 88 80 80 79 79 79 79 78 78 78 78 78 78 78 78 78 78 79 79 79 79 79 79 79 79 77 78 79 80 82 83 84 84 86 87 89 92 94 97 99 100 100 100 100 100 100 100 100 100 102 97 101 107 104 104 127 158 154 131 116 121 125 116 107 106 135
159 157 155 153 154 157 161 164 143 118 89 77 84 95 96 92 83 83 84 86 87 88 89 90 90 90 90 90 90 90 90 90 91 92 93 93 92 88 85 82 74 73 72 72 73 77 80 83 82 82 81 79 78 77 76 75 74 74 74 74 74 74 74 74 73 71 68 66 68 72 77 80 82 83 84 85 86 88 89 89 78 78 79 79 79 79 80 80 79 79 79 79 79 79 79 79 79 79 79 79 79 79 79 79 81 81 82 83 85 86 87 88 86 87 89 92 94 97 99 100 100 100 100 100 100 100 100 100 100 97 102 108 103 104 131 165 161 127 105 113 121 111 100 99 120
165 162 157 154 153 156 161 164 149 120 89 76 84 95 97 92 82 83 84 85 87 88 89 89 90 90 90 90 90 90 90 90 92 93 94 93 91 88 84 81 73 72 71 72 74 77 81 84 83 82 81 80 78 77 76 76 71 71 71 71 71 71 71 71 66 63 60 58 59 64 69 73 83 83 84 85 87 88 89 90 77 78 78 79 79 80 80 81 79 79 79 79 79 79 79 79 79 79 79 79 79 79 79 79 83 84 85 86 87 89 90 90 86 87 89 92 94 97 99 100 100 100 100 100 100 100 100 100 99 97 102 108 102 103 133 169 169 128 102 113 124 112 100 101 130
160 160 160 160 160 160 160 160 162 137 106 87 85 91 93 92 92 90 87 84 82 83 84 85 90 90 90 90 90 90 90 90 90 92 94 96 96 94 92 90 79 79 79 79 79 79 79 79 73 73 73 73 73 73 73 73 66 66 66 66 66 66 66 66 60 61 61 62 62 63 63 64 77 77 77 77 77 77 77 77 73 73 74 76 77 78 79 80 72 73 74 75 77 78 79 79 75 78 83 85 85 81 76 72 79 80 81 82 83 84 85 86 86 87 89 92 94 97 99 100 97 97 97 97 97 97 97 97 98 100 102 101 102 112 128 141 137 128 117 112 111 109 103 98 118
160 160 160 160 160 160 160 160 163 140 110 90 86 90 92 92 92 90 87 84 82 83 84 85 90 90 90 90 90 90 90 90 90 91 94 96 96 94 91 90 79 79 79 79 79 79 79 79 72 72 71 69 68 66 65 64 63 63 63 63 63 63 63 63 63 63 63 63 64 64 64 64 65 65 65 65 65 65 65 65 63 64 65 66 67 69 70 70 71 71 72 74 75 76 77 78 78 81 85 87 87 84 79 76 79 80 81 82 83 84 85 86 86 87 89 92 94 97 99 100 97 97 97 97 97 97 97 97 98 100 102 101 102 112 128 141 135 126 116 111 110 109 103 98 116
160 160 160 160 160 160 160 160 164 144 116 96 88 89 91 91 92 90 87 84 82 83 84 85 90 90 90 90 90 90 90 90 89 90 93 95 95 93 90 89 79 79 79 79 79 79 79 79 71 70 67 64 60 56 53 52 58 58 58 58 58 58 58 58 63 63 63 63 63 62 62 62 59 59 59 59 59 59 59 59 60 61 62 63 64 66 67 67 68 68 69 70 72 73 74 75 79 81 84 86 86 84 82 80 79 80 81 82 83 84 85 86 86 87 89 92 94 97 99 100 97 97 97 97 97 97 97 97 98 100 102 101 102 112 128 141 133 124 114 110 110 109 104 98 113
160 160 160 160 160 160 160 160 166 149 125 103 90 87 89 91 92 90 87 84 82 83 84 85 90 90 90 90 90 90 90 90 87 89 91 93 93 91 89 87 79 79 79 79 79 79 79 79 71 69 65 60 54 49 44 42 55 55 55 55 55 55 55 55 60 59 58 58 57 56 55 55 60 60 60 60 60 60 60 60 64 65 66 67 68 70 71 71 64 64 65 66 68 69 70 71 73 74 76 77 78 78 78 78 79 80 81 82 83 84 85 86 86 87 89 92 94 97 99 100 97 97 97 97 97 97 97 97 98 100 102 101 102 112 128 141 130 121 112 108 109 108 104 99 109
160 160 160 160 160 160 160 160 168 155 134 111 93 85 87 90 92 90 87 84 82 83 84 85 90 90 90 90 90 90 90 90 86 88 90 92 92 90 88 86 79 79 79 79 79 79 79 79 73 71 66 60 54 47 43 40 53 53 53 53 53 53 53 53 55 55 53 52 50 48 47 46 56 56 56 56 56 56 56 56 60 60 61 63 64 65 66 67 59 60 61 62 64 65 66 66 64 64 64 65 67 69 72 73 79 80 81 82 83 84 85 86 86 87 89 92 94 97 99 100 97 97 97 97 97 97 97 97 98 100 102 101 102 112 128 141 126 118 109 106 108 108 104 99 105
160 160 160 160 160 160 160 160 170 161 143 118 95 84 85 90 92 90 87 84 82 83 84 85 90 90 90 90 90 90 90 90 84 86 89 90 90 89 86 84 79 79 79 79 79 79 79 79 77 75 70 65 59 53 49 46 54 54 54 54 54 54 54 54 56 55 53 51 49 46 45 44 46 46 46 46 46 46 46 46 48 48 49 51 52 53 54 55 55 56 57 58 60 61 62 62 58 57 57 57 60 64 68 71 79 80 81 82 83 84 85 86 86 87 89 92 94 97 99 100 97 97 97 97 97 97 97 97 98 100 102 101 102 112 128 141 123 115 107 104 107 108 104 100 101
160 160 160 160 160 160 160 160 171 165 150 124 97 83 83 89 92 90 87 84 82 83 84 85 90 90 90 90 90 90 90 90 83 85 88 89 89 88 85 83 79 79 79 79 79 79 79 79 81 79 75 71 66 61 58 56 57 57 57 57 57 57 57 57 64 62 60 57 54 51 49 48 46 46 46 46 46 46 46 46 45 45 46 48 49 50 51 52 52 53 54 55 56 58 59 59 59 57 55 56 59 64 70 74 79 80 81 82 83 84 85 86 86 87 89 92 94 97 99 100 97 97 97 97 97 97 97 97 98 100 102 101 102 112 128 141 121 113 105 103 106 108 104 100 98
160 160 160 160 160 160 160 160 172 168 153 126 98 82 82 89 92 90 87 84 82 83 84 85 90 90 90 90 90 90 90 90 83 85 87 89 89 87 85 83 79 79 79 79 79 79 79 79 83 82 79 75 71 67 64 63 58 58 58 58 58 58 58 58 71 69 67 64 60 57 55 54 55 55 55 55 55 55 55 55 51 52 53 54 55 57 58 58 51 51 52 53 55 56 57 58 62 60 58 57 61 67 74 79 79 80 81 82 83 84 85 86 86 87 89 92 94 97 99 100 97 97 97 97 97 97 97 97 98 100 102 101 102 112 128 141 119 112 104 102 106 107 105 100 96
160 160 160 160 160 160 160 160 159 161 163 149 111 76 77 99 83 83 83 83 83 83 83 83 86 86 86 86 86 86 86 86 83 83 83 83 83 83 83 83 79 79 79 79 79 79 79 79 76 76 76 76 76 76 76 76 72 71 70 69 68 67 66 65 66 66 66 65 65 64 63 63 57 58 59 60 61 63 64 64 61 61 61 61 61 61 61 61 68 69 70 71 73 74 75 75 71 72 73 74 75 77 78 78 85 84 81 80 80 81 84 85 90 90 91 92 94 95 96 97 97 97 97 97 97 97 97 97 96 96 98 101 107 114 120 124 110 110 109 108 106 105 104 104 93
160 160 160 160 160 160 160 160 159 160 163 151 114 78 77 97 83 83 83 83 83 83 83 83 86 86 86 86 86 86 86 86 83 83 83 83 83 83 83 83 79 79 79 79 79 79 79 79 76 76 76 76 76 76 76 76 72 71 70 69 68 67 66 65 66 66 66 66 65 65 65 65 61 61 62 63 65 66 67 68 64 64 64 64 64 64 64 64 69 69 70 72 73 74 75 76 74 75 76 77 78 80 81 81 85 84 81 80 80 81 84 85 89 90 91 92 93 95 96 96 97 97 97 97 97 97 97 97 96 96 98 101 107 114 120 124 110 110 109 108 106 105 104 104 93
160 160 160 160 160 160 160 160 159 159 163 154 120 83 77 93 83 83 83 83 83 83 83 83 85 85 85 85 85 85 85 85 83 83 83 83 83 83 83 83 78 78 78 78 78 78 78 78 76 76 76 76 76 76 76 76 72 71 70 69 68 67 66 65 66 66 66 66 67 67 67 67 66 67 68 69 70 72 73 73 70 70 70 70 70 70 70 70 70 70 71 73 74 75 76 77 79 79 80 81 83 84 85 86 85 84 81 80 80 81 84 85 88 89 90 91 92 94 95 95 97 97 97 97 97 97 97 97 96 96 98 101 107 114 120 124 110 110 109 108 106 105 104 104 93
160 160 160 160 160 160 160 160 159 158 163 158 127 89 77 88 83 83 83 83 83 83 83 83 83 83 83 83 83 83 83 83 83 83 83 83 83 83 83 83 76 76 76 76 76 76 76 76 76 76 76 76 76 76 76 76 72 71 70 69 68 67 66 65 65 66 66 67 68 69 70 70 71 72 73 74 75 77 78 78 75 75 75 75 75 75 75 75 71 72 73 74 75 77 78 78 82 83 84 85 87 88 89 89 85 84 81 80 80 81 84 85 87 87 88 90 91 92 93 94 97 97 97 97 97 97 97 97 96 96 98 101 107 114 120 124 110 110 109 108 106 105 104 104 93
160 160 160 160 160 160 160 160 158 157 163 162 135 96 78 82 83 83 83 83 83 83 83 83 82 82 82 82 82 82 82 82 83 83 83 83 83 83 83 83 75 75 75 75 75 75 75 75 76 76 76 76 76 76 76 76 72 71 70 69 68 67 66 65 65 65 67 68 70 72 73 74 74 75 76 77 78 79 80 81 78 78 78 78 78 78 78 78 73 73 74 76 77 78 79 80 84 84 85 87 88 89 90 91 85 84 81 80 80 81 84 85 85 86 87 88 89 91 92 92 97 97 97 97 97 97 97 97 96 96 98 101 107 114 120 124 110 110 109 108 106 105 104 104 93
160 160 160 160 160 160 160 160 158 156 163 165 142 102 78 76 83 83 83 83 83 83 83 83 80 80 80 80 80 80 80 80 83 83 83 83 83 83 83 83 73 73 73 73 73 73 73 73 76 76 76 76 76 76 76 76 72 71 70 69 68 67 66 65 64 65 67 69 72 74 76 77 74 75 76 77 79 80 81 81 78 78 78 78 78 78 78 78 74 75 76 77 78 80 81 81 83 83 84 86 87 88 89 90 85 84 81 80 80 81 84 85 84 84 85 87 88 89 90 91 97 97 97 97 97 97 97 97 96 96 98 101 107 114 120 124 110 110 109 108 106 105 104 104 93
160 160 160 160 160 160 160 160 158 156 163 168 147 106 78 72 83 83 83 83 83 83 83 83 79 79 79 79 79 79 79 79 83 83 83 83 83 83 83 83 72 72 72 72 72 72 72 72 76 76 76 76 76 76 76 76 72 71 70 69 68 67 66 65 64 65 67 70 73 76 78 79 73 74 75 76 77 78 79 80 76 76 76 76 76 76 76 76 75 76 77 78 79 81 82 82 80 81 82 83 85 86 87 87 85 84 81 80 80 81 84 85 83 83 84 86 87 88 89 90 97 97 97 97 97 97 97 97 96 96 98 101 107 114 120 124 110 110 109 108 106 105 104 104 93
160 160 160 160 160 160 160 160 158 155 163 170 150 109 78 70 83 83 83 83 83 83 83 83 79 79 79 79 79 79 79 79 83 83 83 83 83 83 83 83 72 72 72 72 72 72 72 72 76 76 76 76 76 76 76 76 72 71 70 69 68 67 66 65 64 65 67 70 74 77 79 81 72 72 73 74 76 77 78 79 75 75 75 75 75 75 75 75 76 76 77 78 80 81 82 83 79 79 80 81 83 84 85 86 85 84 81 80 80 81 84 85 82 83 84 85 87 88 89 89 97 97 97 97 97 97 97 97 96 96 98 101 107 114 120 124 110 110 109 108 106 105 104 104 93
156 156 156 156 156 156 156 156 154 150 156 165 150 113 85 78 79 79 79 79 79 79 79 79 76 76 76 76 76 76 76 76 83 83 83 83 83 83 83 83 75 75 74 73 71 70 69 69 72 73 74 75 76 77 78 79 77 76 73 70 67 64 61 60 67 68 68 69 69 70 70 71 73 73 73 73 73 73 73 73 66 66 67 68 70 71 72 73 72 73 74 75 76 77 78 79 83 83 83 83 83 83 83 83 83 83 83 83 83 83 83 83 83 83 84 85 87 88 89 89 90 90 90 90 90 90 90 90 96 90 87 96 112 122 121 115 114 112 109 107 106 107 109 110 95
156 156 156 156 156 156 156 156 154 150 156 165 150 113 85 78 79 79 79 79 79 79 79 79 76 76 76 76 76 76 76 76 82 82 82 82 82 82 82 82 75 75 74 73 71 70 69 69 72 73 74 75 76 77 78 79 77 75 73 70 67 65 62 61 66 66 66 67 67 67 67 68 70 70 70 70 70 70 70 70 67 68 69 70 71 73 74 74 72 73 74 75 76 77 78 79 82 82 82 82 82 82 82 82 83 83 83 83 83 83 83 83 83 83 84 85 87 88 89 89 90 90 90 90 90 90 90 90 96 93 94 104 117 122 116 108 110 108 106 104 103 103 104 104 88
156 156 156 156 156 156 156 156 154 150 156 165 150 113 85 78 78 78 78 78 78 78 78 78 76 76 76 76 76 76 76 76 81 81 81 81 81 81 81 81 75 75 74 73 71 70 69 69 72 73 74 75 76 77 78 79 76 75 74 71 69 66 65 64 64 64 64 63 63 63 63 63 65 65 65 65 65 65 65 65 66 67 68 69 70 72 73 73 72 73 74 75 76 77 78 79 81 81 81 81 81 81 81 81 83 83 83 83 83 83 83 83 83 83 84 85 87 88 89 89 90 90 90 90 90 90 90 90 96 95 99 107 115 117 110 103 117 116 115 113 111 110 109 109 93
156 156 156 156 156 156 156 156 154 150 156 165 150 113 85 78 76 76 76 76 76 76 76 76 76 76 76 76 76 76 76 76 80 80 80 80 80 80 80 80 75 75 74 73 71 70 69 69 72 73 74 75 76 77 78 79 76 75 74 72 70 69 67 67 63 63 62 61 60 60 59 58 62 62 62 62 62 62 62 62 61 61 62 63 65 66 67 68 72 73 74 75 76 77 78 79 80 80 80 80 80 80 80 80 83 83 83 83 83 83 83 83 83 83 84 85 87 88 89 89 90 90 90 90 90 90 90 90 94 94 97 102 107 111 111 110 115 115 115 114 111 108 105 103 93
156 156 156 156 156 156 156 156 154 150 156 165 150 113 85 78 75 75 75 75 75 75 75 75 76 76 76 76 76 76 76 76 78 78 78 78 78 78 78 78 75 75 74 73 71 70 69 69 72 73 74 75 76 77 78 79 75 75 74 73 72 71 71 70 65 65 63 62 60 58 57 56 60 60 60 60 60 60 60 60 54 55 56 57 58 60 61 61 72 73 74 75 76 77 78 79 78 78 78 78 78 78 78 78 83 83 83 83 83 83 83 83 83 83 84 85 87 88 89 89 90 90 90 90 90 90 90 90 90 94 99 106 112 121 129 136 118 119 120 120 117 111 106 102 98
156 156 156 156 156 156 156 156 154 150 156 165 150 113 85 78 73 73 73 73 73 73 73 73 76 76 76 76 76 76 76 76 77 77 77 77 77 77 77 77 75 75 74 73 71 70 69 69 72 73 74 75 76 77 78 79 75 75 74 74 74 74 74 73 70 69 67 65 62 60 58 57 61 61 61 61 61 61 61 61 53 54 55 56 58 59 60 60 72 73 74 75 76 77 78 79 77 77 77 77 77 77 77 77 83 83 83 83 83 83 83 83 83 83 84 85 87 88 89 89 90 90 90 90 90 90 90 90 84 100 121 139 151 160 169 176 170 172 175 175 171 163 156 150 147
156 156 156 156 156 156 156 156 154 150 156 165 150 113 85 78 72 72 72 72 72 72 72 72 76 76 76 76 76 76 76 76 76 76 76 76 76 76 76 76 75 75 74 73 71 70 69 69 72 73 74 75 76 77 78 79 74 74 75 75 75 76 76 76 74 73 71 68 65 62 60 59 64 64 64 64 64 64 64 64 59 60 61 62 63 65 66 66 72 73 74 75 76 77 78 79 76 76 76 76 76 76 76 76 83 83 83 83 83 83 83 83 83 83 84 85 87 88 89 89 90 90 90 90 90 90 90 90 78 112 160 198 215 218 217 217 231 234 237 238 233 225 215 209 200
156 156 156 156 156 156 156 156 154 150 156 165 150 113 85 78 72 72 72 72 72 72 72 72 76 76 76 76 76 76 76 76 75 75 75 75 75 75 75 75 75 75 74 73 71 70 69 69 72 73 74 75 76 77 78 79 74 74 75 75 76 77 77 77 78 76 74 71 67 64 62 61 65 65 65 65 65 65 65 65 66 66 67 68 70 71 72 73 72 73 74 75 76 77 78 79 75 75 75 75 75 75 75 75 83 83 83 83 83 83 83 83 83 83 84 85 87 88 89 89 90 90 90 90 90 90 90 90 75 123 191 245 255 255 251 243 250 253 255 255 253 243 233 226 210
156 156 156 156 156 156 156 156 157 152 157 165 151 117 93 88 74 73 73 72 71 71 70 70 72 73 74 75 76 78 79 79 79 78 77 76 75 74 73 72 72 72 72 72 72 72 72 72 69 69 70 71 73 74 75 75 79 79 79 79 79 79 79 79 76 76 76 76 76 76 76 76 69 69 69 69 69 69 69 69 69 69 70 71 73 74 75 75 76 76 76 76 76 76 76 76 76 76 76 76 76 76 76 76 76 76 77 78 80 81 82 82 83 83 84 85 87 88 89 89 89 88 89 93 95 89 76 65 79 156 229 252 249 248 243 232 245 250 255 255 250 235 217 206 208
156 156 156 156 156 156 156 156 157 152 157 165 151 117 93 88 75 75 74 73 72 71 70 70 72 72 73 74 76 77 78 79 79 78 77 76 75 74 73 72 72 72 72 72 72 72 72 72 69 69 70 71 73 74 75 75 79 79 79 79 79 79 79 79 75 75 75 75 75 75 75 75 69 69 69 69 69 69 69 69 69 69 70 71 73 74 75 75 76 76 76 76 76 76 76 76 76 76 76 76 76 76 76 76 76 76 77 78 80 81 82 82 83 83 84 85 87 88 89 89 88 90 92 92 90 86 83 81 127 188 242 253 245 247 251 248 252 255 255 255 250 232 214 203 201
156 156 156 156 156 156 156 156 157 152 157 165 151 117 93 88 78 77 76 74 73 71 70 69 71 71 72 73 75 76 77 78 79 78 77 76 75 74 73 72 71 71 71 71 71 71 71 71 69 69 70 71 73 74 75 75 79 79 79 79 79 79 79 79 74 74 74 74 74 74 74 74 69 69 69 69 69 69 69 69 69 69 70 71 73 74 75 75 76 76 76 76 76 76 76 76 76 76 76 76 76 76 76 76 76 76 77 78 80 81 82 82 83 83 84 85 87 88 89 89 86 93 97 91 82 83 95 107 172 210 240 237 223 225 238 246 255 255 255 255 250 233 216 205 199
156 156 156 156 156 156 156 156 157 152 157 165 151 117 93 88 81 80 78 76 74 71 70 69 69 70 71 72 73 75 76 76 79 78 77 76 75 74 73 72 69 69 69 69 69 69 69 69 69 69 70 71 73 74 75 75 79 79 79 79 79 79 79 79 73 73 73 73 73 73 73 73 69 69 69 69 69 69 69 69 69 69 70 71 73 74 75 75 76 76 76 76 76 76 76 76 76 76 76 76 76 76 76 76 76 76 77 78 80 81 82 82 83 83 84 85 87 88 89 89 85 95 100 90 79 84 110 134 201 222 236 228 210 207 221 235 253 255 255 255 252 240 227 218 211
156 156 156 156 156 156 156 156 157 152 157 165 151 117 93 88 84 83 81 78 75 72 69 68 68 68 69 71 72 73 74 75 79 78 77 76 75 74 73 72 68 68 68 68 68 68 68 68 69 69 70 71 73 74 75 75 79 79 79 79 79 79 79 79 71 71 71 71 71 71 71 71 69 69 69 69 69 69 69 69 69 69 70 71 73 74 75 75 76 76 76 76 76 76 76 76 76 76 76 76 76 76 76 76 76 76 77 78 80 81 82 82 83 83 84 85 87 88 89 89 85 94 98 90 82 94 126 155 209 218 227 223 207 198 208 224 244 248 253 255 255 250 242 237 233
156 156 156 156 156 156 156 156 157 152 157 165 151 117 93 88 87 86 83 80 76 72 69 68 66 67 68 69 71 72 73 73 79 78 77 76 75 74 73 72 66 66 66 66 66 66 66 66 69 69 70 71 73 74 75 75 79 79 79 79 79 79 79 79 70 70 70 70 70 70 70 70 69 69 69 69 69 69 69 69 69 69 70 71 73 74 75 75 76 76 76 76 76 76 76 76 76 76 76 76 76 76 76 76 76 76 77 78 80 81 82 82 83 83 84 85 87 88 89 89 87 91 92 89 92 110 141 165 181 181 187 190 181 171 183 205 240 244 250 255 255 255 253 251 249
156 156 156 156 156 156 156 156 157 152 157 165 151 117 93 88 90 88 85 81 76 72 69 67 65 66 67 68 70 71 72 72 79 78 77 76 75 74 73 72 65 65 65 65 65 65 65 65 69 69 70 71 73 74 75 75 79 79 79 79 79 79 79 79 69 69 69 69 69 69 69 69 69 69 69 69 69 69 69 69 69 69 70 71 73 74 75 75 76 76 76 76 76 76 76 76 76 76 76 76 76 76 76 76 76 76 77 78 80 81 82 82 83 83 84 85 87 88 89 89 89 86 85 89 104 127 152 168 167 156 156 164 162 159 181 214 245 248 253 255 255 255 255 253 254
156 156 156 156 156 156 156 156 157 152 157 165 151 117 93 88 91 89 86 82 77 72 69 67 65 65 66 68 69 70 71 72 79 78 77 76 75 74 73 72 65 65 65 65 65 65 65 65 69 69 70 71 73 74 75 75 79 79 79 79 79 79 79 79 68 68 68 68 68 68 68 68 69 69 69 69 69 69 69 69 69 69 70 71 73 74 75 75 76 76 76 76 76 76 76 76 76 76 76 76 76 76 76 76 76 76 77 78 80 81 82 82 83 83 84 85 87 88 89 89 90 83 80 89 112 138 158 167 191 171 164 173 176 181 214 254 253 254 255 255 255 255 252 250 252
153 153 153 153 153 153 153 153 152 155 159 156 143 123 102 89 103 85 68 65 76 86 85 80 94 82 72 70 70 67 65 67 69 69 69 69 69 69 69 69 72 72 72 72 72 72 72 72 72 73 74 75 76 78 79 79 76 76 76 76 76 76 76 76 72 72 72 72 72 72 72 72 72 72 72 72 72 72 72 72 72 72 72 72 72 72 72 72 76 76 76 76 76 76 76 76 72 72 72 72 72 72 72 72 79 80 81 82 83 85 86 86 88 87 87 86 86 85 85 84 80 91 102 112 128 145 151 147 147 141 146 171 209 237 245 241 251 253 255 255 255 255 253 251 254
153 153 153 153 153 153 153 153 152 155 159 156 143 123 102 89 72 78 86 90 88 85 82 82 145 142 114 74 59 71 72 57 68 68 68 68 68 68 68 68 72 72 72 72 72 72 72 72 72 72 73 74 76 77 78 79 75 75 75 75 75 75 75 75 72 72 72 72 72 72 72 72 72 72 72 72 72 72 72 72 72 72 72 72 72 72 72 72 76 76 76 76 76 76 76 76 72 72 72 72 72 72 72 72 79 79 80 81 83 84 85 86 87 87 86 86 86 86 85 85 80 88 100 114 130 144 147 143 120 126 146 185 229 255 255 255 252 253 254 255 255 254 253 252 254
153 153 153 153 153 153 153 153 152 155 159 156 143 123 102 89 64 79 93 93 85 86 101 117 173 173 139 83 60 73 75 57 67 67 67 67 67 67 67 67 71 71 71 71 71 71 71 71 71 71 72 73 75 76 77 78 74 74 74 74 74 74 74 74 72 72 72 72 72 72 72 72 72 72 72 72 72 72 72 72 72 72 72 72 72 72 72 72 76 76 76 76 76 76 76 76 72 72 72 72 72 72 72 72 78 78 79 80 82 83 84 85 85 85 86 86 86 86 87 87 82 86 100 123 145 155 155 152 124 138 168 210 250 255 255 255 252 252 253 253 253 253 252 252 254
153 153 153 153 153 153 153 153 152 155 159 156 143 123 102 89 89 87 82 76 81 105 141 168 147 137 124 110 90 71 65 70 66 66 66 66 66 66 66 66 69 69 69 69 69 69 69 69 69 70 71 72 73 75 76 76 73 73 73 73 73 73 73 73 72 72 72 72 72 72 72 72 72 72 72 72 72 72 72 72 72 72 72 72 72 72 72 72 76 76 76 76 76 76 76 76 72 72 72 72 72 72 72 72 76 77 78 79 80 82 83 83 84 84 85 86 86 87 88 88 85 85 105 145 177 186 186 186 181 190 210 236 255 255 253 241 253 252 250 249 249 250 252 253 254
153 153 153 153 153 153 153 153 152 155 159 156 143 123 102 89 102 89 79 86 111 142 165 176 117 92 109 151 134 68 47 78 64 64 64 64 64 64 64 64 68 68 68 68 68 68 68 68 68 68 69 71 72 73 74 75 71 71 71 71 71 71 71 71 72 72 72 72 72 72 72 72 72 72 72 72 72 72 72 72 72 72 72 72 72 72 72 72 76 76 76 76 76 76 76 76 72 72 72 72 72 72 72 72 75 75 76 78 79 80 81 82 82 82 83 85 87 89 90 90 87 83 111 170 215 226 226 231 241 241 244 250 255 254 247 241 254 251 248 246 246 248 251 254 254
153 153 153 153 153 153 153 153 152 155 159 156 143 123 102 89 90 89 100 125 154 165 155 141 113 96 123 168 146 71 43 70 63 63 63 63 63 63 63 63 66 66 66 66 66 66 66 66 66 67 68 69 71 72 73 73 70 70 70 70 70 70 70 70 72 72 72 72 72 72 72 72 72 72 72 72 72 72 72 72 72 72 72 72 72 72 72 72 76 76 76 76 76 76 76 76 72 72 72 72 72 72 72 72 73 74 75 76 78 79 80 80 80 81 82 85 87 90 91 92 85 78 112 187 242 253 252 255 255 255 255 252 252 254 255 255 255 251 246 242 242 246 251 255 254
153 153 153 153 153 153 153 153 152 155 159 156 143 123 102 89 90 105 128 149 157 149 130 115 109 130 144 133 105 79 63 56 62 62 62 62 62 62 62 62 65 65 65 65 65 65 65 65 65 66 67 68 70 71 72 72 69 69 69 69 69 69 69 69 72 72 72 72 72 72 72 72 72 72 72 72 72 72 72 72 72 72 72 72 72 72 72 72 76 76 76 76 76 76 76 76 72 72 72 72 72 72 72 72 72 73 74 75 77 78 79 79 78 79 82 84 88 90 93 94 80 69 105 190 250 255 254 255 253 254 254 252 251 253 255 255 255 251 244 240 240 244 251 255 254
153 153 153 153 153 153 153 153 152 155 159 156 143 123 102 89 108 126 143 144 130 117 114 117 95 153 153 84 55 87 88 47 61 61 61 61 61 61 61 61 65 65 65 65 65 65 65 65 65 65 66 68 69 70 71 72 68 68 68 68 68 68 68 68 72 72 72 72 72 72 72 72 72 72 72 72 72 72 72 72 72 72 72 72 72 72 72 72 76 76 76 76 76 76 76 76 72 72 72 72 72 72 72 72 72 72 73 75 76 77 78 79 77 79 81 84 88 91 93 95 76 62 98 186 248 252 245 253 244 249 254 254 251 249 250 253 255 250 243 238 238 243 250 255 254
153 153 153 153 153 153 153 153 151 154 155 148 135 123 116 114 122 152 172 150 104 78 92 119 133 120 99 78 66 63 66 69 61 61 60 59 57 56 55 54 53 54 55 57 59 61 62 63 65 66 67 68 69 71 72 72 72 72 72 72 72 72 72 72 69 69 69 69 69 69 69 69 72 72 72 72 72 72 72 72 72 72 72 72 72 72 72 72 72 72 72 72 72 72 72 72 72 72 72 72 72 72 72 72 69 69 70 71 73 74 75 75 79 80 82 84 87 90 92 93 73 65 92 162 230 255 254 247 251 249 246 243 243 244 246 247 240 241 242 241 239 235 231 228 250
153 153 153 153 153 153 153 153 143 153 159 151 135 126 133 144 165 151 130 114 110 119 131 141 114 105 91 77 70 68 71 74 62 61 60 59 58 56 55 55 54 54 56 57 59 60 62 62 65 65 66 67 69 70 71 72 72 72 72 72 72 72 72 72 68 68 68 68 68 68 68 68 72 72 72 72 72 72 72 72 72 72 72 72 72 72 72 72 72 72 72 72 72 72 72 72 72 72 72 72 72 72 72 72 69 69 70 71 73 74 75 75 79 81 82 85 88 90 92 93 99 88 102 148 186 192 181 174 148 143 135 126 119 113 110 109 94 95 97 99 102 105 107 109 180
153 153 153 153 153 153 153 153 137 151 162 158 144 140 153 168 174 133 96 99 132 155 147 127 90 87 82 77 74 74 75 76 63 62 61 60 59 57 56 56 55 56 56 57 59 60 60 61 64 64 65 66 68 69 70 71 71 71 71 71 71 71 71 71 67 67 67 67 67 67 67 67 71 71 71 71 71 71 71 71 71 71 71 71 71 71 71 71 71 71 71 71 71 71 71 71 71 71 71 71 71 71 71 71 69 69 70 71 73 74 75 75 81 82 84 86 89 91 93 94 97 89 98 122 133 122 111 111 109 108 108 109 112 116 121 124 122 121 119 121 125 133 141 145 191
153 153 153 153 153 153 153 153 144 152 162 168 168 163 160 158 134 117 109 126 151 150 117 83 77 78 78 78 77 75 72 71 64 64 63 61 60 59 58 57 57 57 57 58 58 59 59 59 62 63 64 65 66 68 69 69 69 69 69 69 69 69 69 69 66 66 66 66 66 66 66 66 69 69 69 69 69 69 69 69 69 69 69 69 69 69 69 69 69 69 69 69 69 69 69 69 69 69 69 69 69 69 69 69 69 69 70 71 73 74 75 75 82 83 85 87 90 93 95 96 83 86 105 131 138 130 132 144 168 170 174 181 190 200 209 214 237 233 227 224 227 235 244 250 241
153 153 153 153 153 153 153 153 156 155 162 177 189 180 152 126 116 131 148 151 136 110 86 72 77 79 80 80 77 72 66 63 66 65 64 63 62 60 59 59 59 59 59 58 58 57 57 57 61 61 62 64 65 66 67 68 68 68 68 68 68 68 68 68 64 64 64 64 64 64 64 64 68 68 68 68 68 68 68 68 68 68 68 68 68 68 68 68 68 68 68 68 68 68 68 68 68 68 68 68 68 68 68 68 69 69 70 71 73 74 75 75 83 84 86 89 92 94 96 97 87 100 133 171 188 190 202 222 223 221 218 215 214 215 217 218 234 231 226 225 230 239 249 255 251
153 153 153 153 153 153 153 153 163 162 167 180 187 172 139 111 141 158 163 140 101 78 83 99 82 82 82 80 76 71 66 63 67 67 66 64 63 62 61 60 61 60 60 59 57 56 56 55 59 60 61 62 64 65 66 66 66 66 66 66 66 66 66 66 63 63 63 63 63 63 63 63 66 66 66 66 66 66 66 66 66 66 66 66 66 66 66 66 66 66 66 66 66 66 66 66 66 66 66 66 66 66 66 66 69 69 70 71 73 74 75 75 85 86 88 90 93 95 97 98 82 97 137 184 210 214 223 239 235 233 231 230 231 233 236 238 225 224 223 226 232 240 249 254 253
153 153 153 153 153 153 153 153 157 169 179 176 160 143 131 127 158 152 136 109 85 79 90 104 84 82 80 78 76 74 73 73 68 68 67 65 64 63 62 61 62 62 60 59 57 56 54 54 58 59 60 61 63 64 65 65 65 65 65 65 65 65 65 65 62 62 62 62 62 62 62 62 65 65 65 65 65 65 65 65 65 65 65 65 65 65 65 65 65 65 65 65 65 65 65 65 65 65 65 65 65 65 65 65 69 69 70 71 73 74 75 75 86 87 89 91 94 97 98 100 76 88 127 180 210 211 209 214 220 220 221 223 227 233 238 241 228 227 225 222 219 217 215 214 196
153 153 153 153 153 153 153 153 149 173 188 171 134 116 129 152 147 125 99 89 92 95 89 80 82 80 78 76 76 78 81 83 69 68 67 66 64 63 62 62 63 62 61 59 57 55 54 53 58 58 59 61 62 63 64 65 65 65 65 65 65 65 65 65 61 61 61 61 61 61 61 61 65 65 65 65 65 65 65 65 65 65 65 65 65 65 65 65 65 65 65 65 65 65 65 65 65 65 65 65 65 65 65 65 69 69 70 71 73 74 75 75 86 87 89 92 95 97 99 100 88 98 136 191 225 224 214 211 198 193 186 177 169 164 161 160 171 167 159 147 131 115 102 94 78
159 153 149 152 156 154 141 129 139 166 170 147 144 165 164 142 95 93 91 88 84 81 79 77 82 82 81 80 78 77 76 76 68 68 67 66 64 63 62 61 61 61 60 59 57 56 55 54 50 51 52 54 56 58 59 60 59 59 59 59 59 59 59 59 62 62 62 62 62 62 62 62 58 58 58 58 58 58 58 58 62 62 62 62 62 62 62 62 59 59 60 61 63 64 65 66 58 58 59 61 62 63 64 65 68 69 71 74 77 79 81 82 90 90 91 92 94 95 96 96 110 112 115 114 110 105 101 100 77 71 60 49 42 40 40 41 30 26 22 20 20 24 29 33 29
149 154 155 145 131 128 141 155 157 159 154 148 153 157 140 114 94 93 90 88 84 82 79 78 82 82 81 80 78 77 76 76 69 68 67 66 65 63 62 62 62 61 60 59 58 56 55 55 51 51 52 53 54 54 55 55 56 56 56 56 56 56 56 56 59 59 59 59 59 59 59 59 58 58 58 58 58 58 58 58 59 59 59 59 59 59 59 59 56 57 58 59 60 62 63 63 58 59 60 61 63 64 65 65 69 70 72 75 77 80 82 83 90 90 91 92 94 95 96 96 94 92 84 72 57 46 41 41 42 43 45 47 48 49 48 48 57 54 51 49 49 53 57 60 66
138 155 161 139 109 107 142 179 146 125 120 140 154 139 109 91 92 91 90 87 85 82 81 80 82 82 81 80 78 77 76 76 70 69 68 67 66 64 63 63 63 62 61 60 59 57 56 56 53 53 52 51 50 50 49 49 51 51 51 51 51 51 51 51 53 53 53 53 53 53 53 53 57 57 57 57 57 57 57 57 55 55 55 55 55 55 55 55 53 53 54 56 57 58 59 60 59 60 61 62 64 65 66 66 70 71 73 76 78 81 83 84 90 90 91 92 94 95 96 96 99 95 84 65 47 39 41 47 46 53 63 72 77 76 73 69 76 73 70 68 68 69 71 73 55
137 152 159 141 115 114 146 180 111 88 95 131 140 110 88 91 90 90 89 87 85 83 82 82 82 82 81 80 78 77 76 76 71 71 70 68 67 66 65 64 64 64 63 61 60 59 58 57 55 54 53 51 49 47 45 44 48 48 48 48 48 48 48 48 48 48 48 48 48 48 48 48 55 55 55 55 55 55 55 55 51 51 51 51 51 51 51 51 50 51 52 53 55 56 57 57 61 61 62 64 65 66 67 68 71 72 74 77 80 82 84 85 90 90 91 92 94 95 96 96 107 106 100 85 70 68 80 93 73 77 83 87 87 83 76 72 68 67 64 61 59 58 57 57 61
144 149 152 148 142 142 149 157 103 95 110 134 120 83 77 101 88 88 87 86 86 85 84 84 82 82 81 80 78 77 76 76 73 72 71 70 69 67 66 66 66 65 64 63 62 60 59 59 56 56 54 52 50 48 47 46 46 46 46 46 46 46 46 46 45 45 45 45 45 45 45 45 54 54 54 54 54 54 54 54 50 50 50 50 50 50 50 50 50 51 52 53 55 56 57 57 62 63 64 65 66 68 69 69 73 74 76 78 81 84 86 87 90 90 91 92 94 95 96 96 101 106 104 89 69 61 71 84 81 81 81 79 74 67 60 55 56 57 57 57 57 55 54 53 54
152 147 145 152 161 160 148 135 131 136 142 134 102 73 77 99 87 87 86 86 86 86 85 85 82 82 81 80 78 77 76 76 74 74 73 71 70 69 68 67 67 67 66 64 63 62 61 60 57 57 56 55 54 54 53 53 47 47 47 47 47 47 47 47 45 45 45 45 45 45 45 45 52 52 52 52 52 52 52 52 51 51 51 51 51 51 51 51 53 53 54 56 57 58 59 60 64 64 65 66 68 69 70 71 74 75 77 80 82 85 87 88 90 90 91 92 94 95 96 96 103 117 125 112 86 68 69 77 111 114 116 113 104 90 75 66 60 64 72 81 88 93 96 97 95
153 147 144 149 156 154 141 127 150 157 144 109 83 81 87 88 85 85 86 86 86 86 87 87 82 82 81 80 78 77 76 76 75 75 74 72 71 70 69 68 68 68 67 65 64 63 62 61 57 57 58 59 60 61 61 61 50 50 50 50 50 50 50 50 47 47 47 47 47 47 47 47 51 51 51 51 51 51 51 51 53 53 53 53 53 53 53 53 56 57 58 59 60 62 63 63 65 65 66 67 69 70 71 72 75 76 78 81 83 86 88 89 90 90 91 92 94 95 96 96 93 123 155 164 152 141 144 154 181 189 198 196 176 143 107 84 71 81 99 120 140 156 166 171 202
151 148 145 143 143 140 134 130 145 149 122 77 67 92 98 79 84 85 85 86 86 87 87 88 82 82 81 80 78 77 76 76 76 75 74 73 71 70 69 69 69 68 67 66 64 63 62 62 57 58 59 61 63 65 67 67 51 51 51 51 51 51 51 51 48 48 48 48 48 48 48 48 51 51 51 51 51 51 51 51 55 55 55 55 55 55 55 55 59 59 60 61 63 64 65 66 65 66 67 68 69 71 72 72 76 77 79 81 84 87 89 90 90 90 91 92 94 95 96 96 60 106 164 201 212 217 232 248 234 247 255 255 224 170 113 76 77 91 117 148 178 202 218 226 210
149 149 149 149 149 149 149 149 151 115 74 57 66 82 89 88 90 90 90 90 90 90 90 90 86 85 84 83 82 80 79 79 79 78 77 76 75 74 73 72 72 71 70 69 68 67 66 65 61 61 60 59 57 56 55 54 55 55 55 55 55 55 55 55 55 55 55 55 55 55 55 55 54 54 54 54 54 54 54 54 54 54 54 54 54 54 54 54 58 58 59 61 62 63 64 65 72 72 72 72 72 72 72 72 79 80 81 82 83 84 85 86 86 87 89 92 94 97 99 100 84 74 116 205 255 255 251 255 254 249 255 255 235 172 110 79 81 102 132 159 177 190 200 207 209
149 149 149 149 149 149 149 149 142 108 69 53 64 82 89 89 90 90 90 90 90 90 90 90 86 86 85 84 82 81 80 79 79 78 77 76 75 74 73 72 72 71 70 69 68 67 66 65 62 61 60 59 58 56 55 55 55 55 55 55 55 55 55 55 55 55 55 55 55 55 55 55 55 55 55 55 55 55 55 55 55 55 55 55 55 55 55 55 58 59 60 61 63 64 65 65 72 72 72 72 72 72 72 72 79 80 81 82 83 84 85 86 86 87 89 92 94 97 99 100 88 68 95 179 245 255 247 250 255 250 255 255 231 166 104 72 76 98 130 159 178 192 203 210 209
149 149 149 149 149 149 149 149 128 96 60 48 62 81 89 89 90 90 90 90 90 90 90 90 87 87 86 85 83 82 81 80 79 78 77 76 75 74 73 72 72 71 70 69 68 67 66 65 63 62 61 60 59 57 56 56 55 55 55 55 55 55 55 55 55 55 55 55 55 55 55 55 56 56 56 56 56 56 56 56 56 56 56 56 56 56 56 56 59 60 61 62 64 65 66 66 73 73 73 73 73 73 73 73 79 80 81 82 83 84 85 86 86 87 89 92 94 97 99 100 98 61 67 141 219 247 245 242 255 250 254 255 226 159 95 62 67 91 126 158 180 195 206 213 209
149 149 149 149 149 149 149 149 114 84 52 44 60 81 89 88 90 90 90 90 90 90 90 90 89 88 87 86 85 83 82 82 79 78 77 76 75 74 73 72 72 71 70 69 68 67 66 65 64 64 63 61 60 59 58 57 55 55 55 55 55 55 55 55 55 55 55 55 55 55 55 55 57 57 57 57 57 57 57 57 57 57 57 57 57 57 57 57 61 61 62 64 65 66 67 68 75 75 75 75 75 75 75 75 79 80 81 82 83 84 85 86 86 87 89 92 94 97 99 100 111 62 48 111 199 246 249 240 255 251 253 254 221 152 87 53 59 85 123 158 182 197 208 214 209
