43 43 43 44 44 45 46 46 42 41 40 38 36 34 33 32 34 34 34 34 34 34 34 34 34 34 34 34 34 34 34 34 30 30 30 30 30 30 30 30 30 30 30 30 30 30 30 30 30 30 30 30 30 30 30 30 33 33 32 31 29 28 27 27 27 27 27 27 27 27 27 27 26 26 26 26 26 26 26 26 30 30 30 30 30 30 30 30 30 31 32 33 34 35 36 37 37 38 39 40 41 42 43 44 44 45 46 47 48 49 50 51 51 52 53 54 55 56 57 58 62 63 65 67 70 72 74 75 84 64 52 77 134 197 240 255 255 250 240 239 246 254 255 255 255
43 43 43 43 44 44 44 44 41 40 39 37 36 34 33 32 34 34 34 34 34 34 34 34 34 34 34 34 34 34 34 34 30 30 30 30 30 30 30 30 30 30 30 30 30 30 30 30 30 30 30 30 30 30 30 30 33 33 32 31 29 28 27 27 27 27 27 27 27 27 27 27 27 27 27 27 27 27 27 27 30 30 30 30 30 30 30 30 30 31 32 33 34 35 36 37 37 38 39 40 41 42 43 44 44 45 46 47 48 49 50 51 51 52 53 54 55 56 57 58 62 63 65 67 70 72 74 75 84 76 68 71 96 144 200 237 252 253 253 253 252 253 255 255 255
43 43 43 43 42 42 42 42 38 38 37 36 35 34 33 33 34 34 34 34 34 34 34 34 34 34 34 34 34 34 34 34 31 31 31 31 31 31 31 31 30 30 30 30 30 30 30 30 30 30 30 30 30 30 30 30 33 33 32 31 29 28 27 27 27 27 27 27 27 27 27 27 28 28 28 28 28 28 28 28 30 30 30 30 30 30 30 30 30 31 32 33 34 35 36 37 37 38 39 40 41 42 43 44 44 45 46 47 48 49 50 51 51 52 53 54 55 56 57 58 62 63 65 67 70 72 74 75 84 89 84 65 56 84 144 195 227 243 255 255 253 245 244 248 246
44 43 43 42 41 40 39 39 35 35 35 34 34 34 33 33 34 34 34 34 34 34 34 34 34 34 34 34 34 34 34 34 33 33 33 33 33 33 33 33 30 30 30 30 30 30 30 30 30 30 30 30 30 30 30 30 33 33 32 31 29 28 27 27 27 27 27 27 27 27 27 27 29 29 29 29 29 29 29 29 30 30 30 30 30 30 30 30 30 31 32 33 34 35 36 37 37 38 39 40 41 42 43 44 44 45 46 47 48 49 50 51 51 52 53 54 55 56 57 58 62 63 65 67 70 72 74 75 81 90 88 67 47 58 101 141 187 217 251 255 250 236 233 237 231
44 44 42 41 39 37 36 35 32 32 32 33 33 33 34 34 34 34 34 34 34 34 34 34 34 34 34 34 34 34 34 34 34 34 34 34 34 34 34 34 30 30 30 30 30 30 30 30 30 30 30 30 30 30 30 30 33 33 32 31 29 28 27 27 27 27 27 27 27 27 27 27 31 31 31 31 31 31 31 31 30 30 30 30 30 30 30 30 30 31 32 33 34 35 36 37 37 38 39 40 41 42 43 44 44 45 46 47 48 49 50 51 51 52 53 54 55 56 57 58 62 63 65 67 70 72 74 75 77 81 80 73 65 68 81 94 150 189 235 255 255 243 238 240 231
45 44 42 40 37 35 33 32 29 29 30 31 32 33 34 34 34 34 34 34 34 34 34 34 34 34 34 34 34 34 34 34 36 36 36 36 36 36 36 36 30 30 30 30 30 30 30 30 30 30 30 30 30 30 30 30 33 33 32 31 29 28 27 27 27 27 27 27 27 27 27 27 32 32 32 32 32 32 32 32 30 30 30 30 30 30 30 30 30 31 32 33 34 35 36 37 37 38 39 40 41 42 43 44 44 45 46 47 48 49 50 51 51 52 53 54 55 56 57 58 62 63 65 67 70 72 74 75 74 73 74 78 82 81 75 69 115 155 209 248 255 255 254 251 246
45 44 42 39 36 33 31 30 26 27 28 30 31 33 34 35 34 34 34 34 34 34 34 34 34 34 34 34 34 34 34 34 37 37 37 37 37 37 37 37 30 30 30 30 30 30 30 30 30 30 30 30 30 30 30 30 33 33 32 31 29 28 27 27 27 27 27 27 27 27 27 27 33 33 33 33 33 33 33 33 30 30 30 30 30 30 30 30 30 31 32 33 34 35 36 37 37 38 39 40 41 42 43 44 44 45 46 47 48 49 50 51 51 52 53 54 55 56 57 58 62 63 65 67 70 72 74 75 73 73 74 77 78 77 73 69 74 110 166 220 254 255 255 250 255
45 44 42 39 35 32 30 28 25 26 27 29 31 33 34 35 34 34 34 34 34 34 34 34 34 34 34 34 34 34 34 34 37 37 37 37 37 37 37 37 30 30 30 30 30 30 30 30 30 30 30 30 30 30 30 30 33 33 32 31 29 28 27 27 27 27 27 27 27 27 27 27 34 34 34 34 34 34 34 34 30 30 30 30 30 30 30 30 30 31 32 33 34 35 36 37 37 38 39 40 41 42 43 44 44 45 46 47 48 49 50 51 51 52 53 54 55 56 57 58 62 63 65 67 70 72 74 75 73 77 79 74 66 64 70 77 40 73 129 191 238 255 251 240 255
40 40 39 38 36 35 34 34 34 34 34 34 34 34 34 34 34 34 34 34 34 34 34 34 34 34 34 34 34 34 34 34 30 30 30 30 30 30 30 30 34 34 34 34 34 34 34 34 30 30 30 30 30 30 30 30 30 30 30 30 30 30 30 30 26 27 28 29 31 32 33 33 37 37 37 37 37 37 37 37 37 36 35 34 33 31 30 30 30 30 31 33 34 35 36 37 41 41 42 43 45 46 47 47 48 48 49 50 52 53 54 54 51 51 52 54 55 56 57 58 62 62 63 64 66 67 68 68 69 69 70 71 73 74 75 75 58 71 87 121 186 251 255 248 252
40 40 39 38 36 35 34 34 34 34 34 34 34 34 34 34 34 34 34 34 34 34 34 34 34 34 34 34 34 34 34 34 30 30 30 30 30 30 30 30 34 34 34 34 34 34 34 34 30 30 30 30 30 30 30 30 30 30 30 30 30 30 30 30 27 27 28 30 31 32 33 34 37 37 37 37 37 37 37 37 37 37 36 35 33 32 31 30 30 31 32 33 35 36 37 37 41 41 42 43 45 46 47 47 48 48 49 50 52 53 54 54 51 52 53 54 56 57 58 58 62 62 63 64 66 67 68 68 69 69 70 71 73 74 75 75 72 71 72 100 169 240 255 251 251
40 40 39 38 36 35 34 34 34 34 34 34 34 34 34 34 34 34 34 34 34 34 34 34 34 34 34 34 34 34 34 34 30 30 30 30 30 30 30 30 34 34 34 34 34 34 34 34 31 31 31 31 31 31 31 31 31 31 31 31 31 31 31 31 28 28 29 31 32 33 34 35 38 38 38 38 38 38 38 38 38 38 37 36 34 33 32 31 31 32 33 34 36 37 38 38 41 41 42 43 45 46 47 47 48 48 49 50 52 53 54 54 52 53 54 55 57 58 59 59 62 62 63 64 66 67 68 68 69 69 70 71 73 74 75 75 86 72 59 76 136 210 252 255 255
40 40 39 38 36 35 34 34 34 34 34 34 34 34 34 34 34 34 34 34 34 34 34 34 34 34 34 34 34 34 34 34 30 30 30 30 30 30 30 30 34 34 34 34 34 34 34 34 33 33 33 33 33 33 33 33 33 33 33 33 33 33 33 33 29 30 31 32 33 35 36 36 40 40 40 40 40 40 40 40 40 39 38 37 36 34 33 33 33 33 34 36 37 38 39 40 41 41 42 43 45 46 47 47 48 48 49 50 52 53 54 54 54 54 55 57 58 59 60 61 62 62 63 64 66 67 68 68 69 69 70 71 73 74 75 75 85 77 64 64 96 158 224 255 255
40 40 39 38 36 35 34 34 34 34 34 34 34 34 34 34 34 34 34 34 34 34 34 34 34 34 34 34 34 34 34 34 30 30 30 30 30 30 30 30 34 34 34 34 34 34 34 34 34 34 34 34 34 34 34 34 34 34 34 34 34 34 34 34 31 31 32 34 35 36 37 38 41 41 41 41 41 41 41 41 41 41 40 38 37 36 35 34 34 35 36 37 38 40 41 41 41 41 42 43 45 46 47 47 48 48 49 50 52 53 54 54 55 56 57 58 59 61 62 62 62 62 63 64 66 67 68 68 69 69 70 71 73 74 75 75 74 81 81 69 65 102 181 250 248
40 40 39 38 36 35 34 34 34 34 34 34 34 34 34 34 34 34 34 34 34 34 34 34 34 34 34 34 34 34 34 34 30 30 30 30 30 30 30 30 34 34 34 34 34 34 34 34 36 36 36 36 36 36 36 36 36 36 36 36 36 36 36 36 32 33 34 35 36 38 39 39 43 43 43 43 43 43 43 43 43 42 41 40 38 37 36 36 36 36 37 38 40 41 42 43 41 41 42 43 45 46 47 47 48 48 49 50 52 53 54 54 57 57 58 59 61 62 63 64 62 62 63 64 66 67 68 68 69 69 70 71 73 74 75 75 68 82 93 82 57 67 133 205 254
40 40 39 38 36 35 34 34 34 34 34 34 34 34 34 34 34 34 34 34 34 34 34 34 34 34 34 34 34 34 34 34 30 30 30 30 30 30 30 30 34 34 34 34 34 34 34 34 37 37 37 37 37 37 37 37 37 37 37 37 37 37 37 37 33 34 35 36 37 39 40 40 44 44 44 44 44 44 44 44 44 43 42 41 39 38 37 37 37 37 38 39 41 42 43 44 41 41 42 43 45 46 47 47 48 48 49 50 52 53 54 54 58 58 59 60 62 63 64 65 62 62 63 64 66 67 68 68 69 69 70 71 73 74 75 75 73 78 91 91 69 59 93 142 228
40 40 39 38 36 35 34 34 34 34 34 34 34 34 34 34 34 34 34 34 34 34 34 34 34 34 34 34 34 34 34 34 30 30 30 30 30 30 30 30 34 34 34 34 34 34 34 34 37 37 37 37 37 37 37 37 37 37 37 37 37 37 37 37 34 34 35 36 38 39 40 41 44 44 44 44 44 44 44 44 44 44 43 41 40 39 38 37 37 38 39 40 41 43 44 44 41 41 42 43 45 46 47 47 48 48 49 50 52 53 54 54 58 59 60 61 62 64 65 65 62 62 63 64 66 67 68 68 69 69 70 71 73 74 75 75 81 75 82 94 84 64 71 96 171
34 34 34 34 34 34 34 34 34 34 34 34 34 34 34 34 37 37 37 37 37 37 37 37 41 41 41 41 41 41 41 41 37 37 37 37 37 37 37 37 37 37 37 37 37 37 37 37 37 37 37 37 37 37 37 37 36 35 32 30 30 32 35 36 37 37 38 40 41 42 43 44 44 44 44 44 44 44 44 44 40 40 40 40 40 40 40 40 46 47 48 48 46 42 38 36 39 40 41 43 45 47 48 49 47 48 49 50 52 53 54 54 58 59 60 61 62 63 64 65 65 66 67 68 69 70 71 72 72 73 74 75 76 77 78 79 81 83 85 85 82 76 69 64 107
34 34 34 34 34 34 34 34 34 34 34 34 34 34 34 34 37 37 37 37 37 37 37 37 41 41 41 41 41 41 41 41 37 37 37 37 37 37 37 37 38 38 38 38 38 38 38 38 37 37 37 37 37 37 37 37 37 35 33 31 31 33 35 37 37 38 39 40 42 43 44 44 44 44 44 44 44 44 44 44 41 41 41 41 41 41 41 41 46 47 48 49 47 44 40 38 40 41 42 44 45 47 48 49 48 48 49 51 52 53 54 55 58 59 60 61 62 63 64 65 65 66 67 68 69 70 71 72 72 73 74 75 76 77 78 79 81 83 86 87 86 81 76 73 88
34 34 34 34 34 34 34 34 34 34 34 34 34 34 34 34 37 37 37 37 37 37 37 37 41 41 41 41 41 41 41 41 38 38 38 38 38 38 38 38 40 40 40 40 40 40 40 40 38 38 38 38 38 38 38 38 38 36 34 32 32 34 36 38 38 39 40 41 43 44 45 45 45 45 45 45 45 45 45 45 43 43 43 43 43 43 43 43 47 48 50 50 49 46 43 41 43 43 44 45 46 47 48 48 49 49 50 52 53 54 55 56 58 59 60 61 62 63 64 65 65 66 67 68 69 70 71 72 72 73 74 75 76 77 78 79 80 83 86 90 91 90 89 87 101
34 34 34 34 34 34 34 34 34 34 34 34 34 34 34 34 37 37 37 37 37 37 37 37 41 41 41 41 41 41 41 41 40 40 40 40 40 40 40 40 43 43 43 43 43 43 43 43 40 40 40 40 40 40 40 40 39 37 35 33 33 35 37 39 40 40 41 43 44 45 46 47 47 47 47 47 47 47 47 47 46 46 46 46 46 46 46 46 48 49 51 53 52 50 47 46 46 46 46 47 47 47 48 48 50 51 52 53 54 56 57 57 58 59 60 61 62 63 64 65 65 66 67 68 69 70 71 72 72 73 74 75 76 77 78 79 81 83 87 91 95 98 100 101 123
34 34 34 34 34 34 34 34 34 34 34 34 34 34 34 34 37 37 37 37 37 37 37 37 41 41 41 41 41 41 41 41 41 41 41 41 41 41 41 41 45 45 45 45 45 45 45 45 41 41 41 41 41 41 41 41 41 39 37 35 35 37 39 41 41 42 43 44 45 47 48 48 48 48 48 48 48 48 48 48 49 49 49 49 49 49 49 49 49 50 53 55 56 54 52 50 49 49 49 48 48 48 47 47 52 52 53 55 56 57 58 59 58 59 60 61 62 63 64 65 65 66 67 68 69 70 71 72 72 73 74 75 76 77 78 79 82 83 87 91 97 103 108 110 121
34 34 34 34 34 34 34 34 34 34 34 34 34 34 34 34 37 37 37 37 37 37 37 37 41 41 41 41 41 41 41 41 43 43 43 43 43 43 43 43 48 48 48 48 48 48 48 48 43 43 43 43 43 43 43 43 42 40 38 36 36 38 40 42 43 43 44 45 47 48 49 50 50 50 50 50 50 50 50 50 52 52 52 52 52 52 52 52 49 51 55 57 59 58 56 55 52 52 51 50 49 48 47 47 53 54 55 56 57 59 60 60 58 59 60 61 62 63 64 65 65 66 67 68 69 70 71 72 72 73 74 75 76 77 78 79 84 84 86 89 95 102 109 113 123
34 34 34 34 34 34 34 34 34 34 34 34 34 34 34 34 37 37 37 37 37 37 37 37 41 41 41 41 41 41 41 41 44 44 44 44 44 44 44 44 50 50 50 50 50 50 50 50 44 44 44 44 44 44 44 44 43 41 39 37 37 39 41 43 44 44 45 46 48 49 50 51 51 51 51 51 51 51 51 51 54 54 54 54 54 54 54 54 50 52 56 59 61 61 60 59 55 54 53 51 50 48 47 46 54 55 56 57 58 60 61 61 58 59 60 61 62 63 64 65 65 66 67 68 69 70 71 72 72 73 74 75 76 77 78 79 85 85 84 86 92 100 107 112 129
34 34 34 34 34 34 34 34 34 34 34 34 34 34 34 34 37 37 37 37 37 37 37 37 41 41 41 41 41 41 41 41 44 44 44 44 44 44 44 44 51 51 51 51 51 51 51 51 44 44 44 44 44 44 44 44 44 42 39 38 38 39 42 44 44 45 46 47 48 50 51 51 51 51 51 51 51 51 51 51 55 55 55 55 55 55 55 55 50 53 57 60 62 62 61 60 56 55 54 52 50 48 47 46 55 55 56 57 59 60 61 62 58 59 60 61 62 63 64 65 65 66 67 68 69 70 71 72 72 73 74 75 76 77 78 79 87 85 84 85 89 97 105 110 121
37 37 37 37 37 37 37 37 33 33 33 33 33 33 33 33 37 37 37 37 37 37 37 37 41 41 41 41 41 41 41 41 44 44 45 47 48 49 50 51 58 57 56 55 54 53 52 51 47 47 46 45 43 42 41 40 40 41 42 43 45 46 47 47 44 45 47 49 52 55 57 58 58 58 58 58 58 58 58 58 61 61 61 61 61 61 61 61 61 61 61 61 61 61 61 61 61 61 60 59 57 56 55 54 54 54 54 54 54 54 54 54 58 58 59 61 62 63 64 65 65 65 66 68 69 70 71 72 72 72 73 75 76 77 78 79 78 83 90 97 100 100 98 96 100
37 37 37 37 37 37 37 37 34 34 34 34 34 34 34 34 37 37 37 37 37 37 37 37 41 41 41 41 41 41 41 41 44 45 46 47 49 50 51 51 58 57 56 55 54 53 52 51 48 47 46 45 44 42 41 41 41 41 42 44 45 46 47 48 45 46 48 50 53 56 58 59 59 59 59 59 59 59 59 59 64 64 64 64 64 64 64 64 62 62 62 62 62 62 62 62 62 61 60 59 58 56 55 55 55 55 55 55 55 55 55 55 58 59 60 61 63 64 65 65 65 66 67 68 70 71 72 72 72 73 74 75 77 78 79 79 79 83 90 96 100 101 100 98 86
38 38 38 38 38 38 38 38 35 35 35 35 35 35 35 35 37 37 37 37 37 37 37 37 41 41 41 41 41 41 41 41 45 46 47 48 50 51 52 52 58 57 56 55 54 53 52 51 49 48 47 46 45 43 42 42 42 42 43 45 46 47 48 49 47 48 50 52 55 58 60 61 61 61 61 61 61 61 61 61 68 68 68 68 68 68 68 68 63 63 63 63 63 63 63 63 63 62 61 60 59 57 56 56 56 56 56 56 56 56 56 56 59 60 61 62 64 65 66 66 66 67 68 69 71 72 73 73 73 74 75 76 78 79 80 80 80 84 90 95 100 102 102 102 84
40 40 40 40 40 40 40 40 36 36 36 36 36 36 36 36 37 37 37 37 37 37 37 37 41 41 41 41 41 41 41 41 47 47 48 50 51 52 53 54 58 57 56 55 54 53 52 51 50 50 49 47 46 45 44 43 43 44 45 46 47 49 50 50 50 51 53 55 58 60 62 63 64 64 64 64 64 64 64 64 72 72 72 72 72 72 72 72 64 64 64 64 64 64 64 64 64 64 63 61 60 59 58 57 57 57 57 57 57 57 57 57 61 61 62 64 65 66 67 68 68 68 69 71 72 73 74 75 75 75 76 78 79 80 81 82 82 84 89 94 99 104 106 108 102
41 41 41 41 41 41 41 41 38 38 38 38 38 38 38 38 37 37 37 37 37 37 37 37 41 41 41 41 41 41 41 41 48 49 50 51 52 54 55 55 58 57 56 55 54 53 52 51 52 51 50 49 48 46 45 45 45 45 46 48 49 50 51 52 53 54 56 58 61 63 65 66 66 66 66 66 66 66 66 66 73 73 73 73 73 73 73 73 66 66 66 66 66 66 66 66 66 65 64 63 62 60 59 59 59 59 59 59 59 59 59 59 62 63 64 65 66 68 69 69 69 70 71 72 73 75 76 76 76 77 78 79 80 82 83 83 83 85 88 93 99 105 110 113 120
43 43 43 43 43 43 43 43 39 39 39 39 39 39 39 39 37 37 37 37 37 37 37 37 41 41 41 41 41 41 41 41 50 50 51 52 54 55 56 57 58 57 56 55 54 53 52 51 53 53 52 50 49 48 47 46 46 47 48 49 50 52 53 53 55 56 58 61 64 66 68 69 69 69 69 69 69 69 69 69 72 72 72 72 72 72 72 72 67 67 67 67 67 67 67 67 67 67 66 64 63 62 61 60 60 60 60 60 60 60 60 60 64 64 65 66 68 69 70 71 71 71 72 73 75 76 77 78 78 78 79 80 82 83 84 85 85 86 88 92 99 107 114 119 122
44 44 44 44 44 44 44 44 40 40 40 40 40 40 40 40 37 37 37 37 37 37 37 37 41 41 41 41 41 41 41 41 51 51 52 53 55 56 57 58 58 57 56 55 54 53 52 51 54 54 53 51 50 49 48 47 47 48 49 50 51 53 54 54 57 58 60 63 66 68 70 71 71 71 71 71 71 71 71 71 70 70 70 70 70 70 70 70 68 68 68 68 68 68 68 68 68 68 67 65 64 63 62 61 61 61 61 61 61 61 61 61 65 65 66 67 69 70 71 72 72 72 73 74 76 77 78 79 79 79 80 81 83 84 85 86 86 86 87 91 98 108 117 123 120
44 44 44 44 44 44 44 44 41 41 41 41 41 41 41 41 37 37 37 37 37 37 37 37 41 41 41 41 41 41 41 41 51 52 53 54 55 57 58 58 58 57 56 55 54 53 52 51 55 54 53 52 50 49 48 48 48 48 49 50 52 53 54 55 58 59 61 64 67 69 71 72 72 72 72 72 72 72 72 72 68 68 68 68 68 68 68 68 69 69 69 69 69 69 69 69 69 68 67 66 64 63 62 62 62 62 62 62 62 62 62 62 65 66 67 68 69 71 72 72 72 73 74 75 76 78 79 79 79 80 81 82 83 85 86 86 87 86 87 91 98 109 119 125 122
44 44 44 44 44 44 44 44 42 41 40 38 36 34 33 32 37 37 38 40 41 42 43 44 47 45 43 41 41 43 45 47 44 47 52 56 59 59 59 58 62 59 56 53 51 52 53 55 47 48 49 50 52 53 54 54 58 58 59 61 62 63 64 65 65 68 71 74 75 75 74 72 75 75 75 75 75 75 75 75 71 70 67 65 65 67 70 71 72 71 70 69 68 66 65 65 65 64 63 62 61 59 58 58 61 61 61 61 61 61 61 61 68 69 70 71 73 74 75 75 75 76 77 78 80 81 82 82 79 82 85 88 89 89 87 86 87 88 90 94 100 108 114 118 124
44 44 44 44 44 44 44 44 42 41 40 38 37 35 34 33 38 38 39 41 42 43 44 45 47 46 43 41 41 43 46 47 45 48 52 56 59 60 60 59 59 57 53 50 49 50 51 52 48 48 49 51 52 53 54 55 58 59 60 61 63 64 65 65 66 68 72 75 76 76 74 73 76 76 76 76 76 76 76 76 72 70 68 66 66 68 70 72 72 72 71 70 68 67 66 65 65 65 64 63 61 60 59 58 62 62 62 62 62 62 62 62 69 69 70 72 73 74 75 76 76 76 77 79 80 81 82 83 80 83 86 89 90 90 89 87 88 89 90 94 100 107 114 118 127
44 44 44 44 44 44 44 44 41 41 40 39 38 37 36 36 40 40 41 43 44 45 46 47 48 47 44 42 42 44 47 48 46 49 53 57 60 61 61 60 56 53 50 47 46 46 48 49 49 49 50 52 53 54 55 56 59 60 61 62 64 65 66 66 67 69 73 76 77 77 75 74 77 77 77 77 77 77 77 77 73 71 69 67 67 69 71 73 73 73 72 71 69 68 67 66 66 66 65 64 62 61 60 59 64 64 64 64 64 64 64 64 70 70 71 73 74 75 76 77 77 77 78 80 81 82 83 84 82 85 88 91 93 92 91 89 90 90 91 94 100 106 112 116 131
44 44 44 44 44 44 44 44 41 41 40 40 40 39 39 39 43 43 44 45 47 48 49 50 50 48 46 44 44 46 48 50 47 50 55 59 62 62 62 61 53 51 48 45 43 44 45 46 50 51 52 53 54 56 57 57 61 61 62 64 65 66 67 68 68 71 74 77 78 78 77 75 78 78 78 78 78 78 78 78 74 72 70 68 68 70 72 74 75 74 73 72 71 69 68 68 68 67 66 65 64 62 61 61 67 67 67 67 67 67 67 67 71 72 73 74 75 77 78 78 78 79 80 81 82 84 85 85 85 87 91 94 95 95 93 92 92 92 92 95 99 105 111 114 131
44 44 44 44 44 44 44 44 40 40 41 41 41 42 42 42 45 46 47 48 50 51 52 52 51 49 47 45 45 47 49 51 49 52 56 60 63 64 63 63 53 51 48 45 43 44 45 46 52 52 53 55 56 57 58 59 62 63 64 65 66 68 69 69 70 72 75 78 80 79 78 77 80 80 80 80 80 80 80 80 76 74 72 70 70 72 74 76 76 76 75 73 72 71 70 69 69 69 68 66 65 64 63 62 70 70 70 70 70 70 70 70 73 73 74 76 77 78 79 80 80 80 81 83 84 85 86 87 88 90 94 97 98 98 96 95 94 93 93 95 99 104 109 112 127
44 44 44 44 44 44 44 44 40 40 41 42 43 44 45 45 48 49 50 51 52 54 55 55 53 51 48 47 47 48 51 53 50 53 57 62 64 65 65 64 56 53 50 47 46 46 48 49 53 54 55 56 57 59 60 60 64 64 65 66 68 69 70 71 71 73 77 80 81 81 79 78 81 81 81 81 81 81 81 81 77 75 73 71 71 73 75 77 78 77 76 75 73 72 71 71 71 70 69 68 66 65 64 64 73 73 73 73 73 73 73 73 74 75 76 77 78 80 81 81 81 82 83 84 85 87 88 88 91 93 96 99 101 100 99 98 95 95 95 96 99 103 108 110 118
44 44 44 44 44 44 44 44 39 40 41 43 44 46 47 48 50 51 52 53 54 56 57 57 54 52 49 48 48 49 52 54 51 54 58 63 65 66 66 65 59 57 53 50 49 50 51 52 54 55 56 57 58 60 61 61 65 65 66 67 69 70 71 72 72 74 78 81 82 82 80 79 82 82 82 82 82 82 82 82 78 76 74 72 72 74 76 78 79 78 77 76 74 73 72 72 72 71 70 69 67 66 65 65 75 75 75 75 75 75 75 75 75 76 77 78 79 81 82 82 82 83 84 85 86 88 89 89 93 95 98 101 103 102 101 100 97 96 95 96 98 102 106 109 108
44 44 44 44 44 44 44 44 39 40 41 43 45 47 48 49 51 52 53 54 55 57 58 58 54 52 50 48 48 50 52 54 52 55 59 63 66 67 66 66 62 59 56 53 51 52 53 55 55 55 56 57 59 60 61 62 65 66 67 68 69 71 72 72 73 75 78 81 83 82 81 80 83 83 83 83 83 83 83 83 79 77 74 73 73 74 77 79 79 79 78 76 75 74 73 72 72 72 71 69 68 67 66 65 76 76 76 76 76 76 76 76 76 76 77 78 80 81 82 83 83 83 84 85 87 88 89 90 94 96 100 103 104 103 102 101 98 97 96 96 98 102 106 108 102
41 43 46 49 51 50 49 47 50 49 49 50 53 57 61 64 62 65 69 71 70 65 60 56 52 53 55 57 59 60 62 63 70 69 68 66 64 62 60 60 61 61 61 61 61 61 61 61 65 65 65 65 65 65 65 65 65 65 66 67 69 70 71 72 79 79 79 79 79 79 79 79 82 82 82 82 82 82 82 82 80 80 79 79 78 78 77 77 82 82 82 82 82 82 82 82 79 79 79 79 79 79 79 79 79 79 79 79 79 79 79 79 86 86 86 86 86 86 86 86 86 86 87 89 90 91 92 93 97 100 104 108 111 112 112 111 109 106 101 97 97 101 106 109 103
43 45 48 51 53 52 51 50 52 51 51 51 54 58 63 66 67 69 71 72 70 65 59 55 55 56 57 58 60 62 63 64 70 69 68 67 65 63 62 62 63 63 63 63 63 63 63 63 66 66 66 66 66 66 66 66 66 67 68 69 70 72 73 73 80 80 80 80 80 80 80 80 83 83 83 83 83 83 83 83 81 81 81 80 80 80 80 79 83 83 83 83 83 83 83 83 80 80 80 80 80 80 80 80 80 80 80 80 80 80 80 80 86 86 86 86 86 86 86 86 86 87 88 89 91 92 93 93 98 100 105 109 112 113 112 111 110 106 101 98 98 101 106 110 108
47 49 53 55 57 56 55 54 55 54 54 54 57 62 66 69 73 74 74 73 69 64 59 56 59 60 61 62 63 64 65 65 71 70 69 68 67 66 65 65 67 67 67 67 67 67 67 67 69 69 69 69 69 69 69 69 69 70 71 72 74 75 76 76 82 82 82 82 82 82 82 82 85 85 85 85 85 85 85 85 83 83 83 83 83 84 84 84 85 85 85 85 85 85 85 85 83 83 83 83 83 83 83 83 82 82 82 82 82 82 82 82 87 87 87 87 87 87 87 87 87 88 89 90 92 93 94 94 99 101 106 110 113 114 113 112 111 107 103 99 99 103 107 111 112
52 54 58 61 62 62 60 59 59 58 58 58 61 66 70 73 79 78 77 74 70 66 62 60 65 65 66 66 67 67 67 67 72 71 71 71 70 70 70 70 73 73 73 73 73 73 73 73 73 73 73 73 73 73 73 73 73 74 75 76 78 79 80 80 85 85 85 85 85 85 85 85 88 88 88 88 88 88 88 88 85 85 86 87 88 89 89 90 88 88 88 88 88 88 88 88 87 87 87 87 87 87 87 87 85 85 85 85 85 85 85 85 89 89 89 89 89 89 89 89 89 89 90 92 93 94 95 96 100 103 107 111 114 115 114 114 112 109 104 100 100 104 109 112 113
58 60 64 67 68 68 66 65 63 63 62 63 66 70 74 77 82 80 77 74 71 69 67 67 72 72 71 71 70 70 70 70 72 73 73 73 74 74 74 74 78 78 78 78 78 78 78 78 78 78 78 78 78 78 78 78 78 78 79 80 82 83 84 85 87 87 87 87 87 87 87 87 91 91 91 91 91 91 91 91 87 88 89 91 93 94 95 96 91 91 91 91 91 91 91 91 92 92 92 92 92 92 92 92 87 87 87 87 87 87 87 87 90 90 90 90 90 90 90 90 90 91 92 93 94 96 97 97 101 104 109 113 116 116 116 115 114 110 105 102 102 105 110 114 114
63 66 69 72 73 73 71 70 67 67 66 67 70 74 78 81 82 80 76 73 72 73 75 77 78 77 76 75 74 73 72 72 73 74 75 76 77 78 79 79 84 84 84 84 84 84 84 84 82 82 82 82 82 82 82 82 82 82 83 84 86 87 88 89 90 90 90 90 90 90 90 90 94 94 94 94 94 94 94 94 89 90 92 94 97 99 101 102 94 94 94 94 94 94 94 94 96 96 96 96 96 96 96 96 90 90 90 90 90 90 90 90 92 92 92 92 92 92 92 92 92 92 93 94 96 97 98 99 103 105 110 114 117 118 117 117 115 111 107 103 103 107 111 115 120
67 70 73 76 77 77 76 74 70 70 69 70 73 77 81 84 80 78 74 73 74 78 83 86 82 81 80 79 77 75 74 73 74 75 76 77 79 81 82 82 88 88 88 88 88 88 88 88 85 85 85 85 85 85 85 85 85 85 86 88 89 90 91 92 92 92 92 92 92 92 92 92 96 96 96 96 96 96 96 96 91 92 94 97 100 103 105 107 96 96 96 96 96 96 96 96 99 99 99 99 99 99 99 99 92 92 92 92 92 92 92 92 93 93 93 93 93 93 93 93 93 93 94 95 97 98 99 100 104 106 111 115 118 119 118 118 116 113 108 104 104 108 113 116 131
70 72 75 78 80 79 78 77 72 71 71 72 74 79 83 86 78 76 73 72 75 81 87 92 85 84 82 80 78 77 75 74 74 75 76 78 80 82 84 84 90 90 90 90 90 90 90 90 86 86 86 86 86 86 86 86 86 87 88 89 91 92 93 93 93 93 93 93 93 93 93 93 97 97 97 97 97 97 97 97 92 93 96 99 102 105 108 109 97 97 97 97 97 97 97 97 100 100 100 100 100 100 100 100 93 93 93 93 93 93 93 93 93 93 93 93 93 93 93 93 93 94 95 96 97 99 100 100 104 107 111 116 118 119 119 118 117 113 108 105 105 108 113 117 140
76 80 85 88 88 85 80 76 74 75 78 81 84 87 90 91 89 89 88 87 85 84 83 83 78 78 78 78 78 78 78 78 81 82 84 87 91 94 96 98 91 92 93 93 91 88 84 81 86 86 87 88 90 91 92 93 97 97 95 93 91 89 88 87 97 99 101 103 103 101 99 97 96 96 96 96 96 96 96 96 98 99 99 100 100 101 101 102 100 100 99 97 96 95 94 93 100 100 99 97 96 95 94 93 93 93 93 93 93 93 93 93 86 87 88 89 90 92 93 93 93 94 96 99 102 104 106 107 108 110 115 119 122 123 122 121 116 111 105 101 102 109 117 123 147
77 80 85 89 89 85 80 77 75 76 79 81 84 87 89 91 89 89 88 87 85 84 83 83 81 81 81 81 81 81 81 81 83 84 86 89 92 95 97 98 92 93 94 94 93 89 86 83 87 88 89 90 92 93 94 94 100 99 98 96 94 93 92 91 97 99 102 103 103 102 99 97 99 99 99 99 99 99 99 99 99 99 100 100 100 100 101 101 100 99 98 97 95 94 93 93 99 99 98 96 95 94 93 92 92 92 92 92 92 92 92 92 86 86 87 88 90 91 92 93 93 94 96 98 101 104 105 107 108 110 115 119 122 123 122 121 116 111 105 101 102 109 117 123 145
78 82 86 90 90 86 82 78 78 79 80 83 85 88 89 90 89 89 88 87 85 84 83 83 84 84 84 84 84 84 84 84 85 86 88 91 93 95 97 98 92 93 95 95 94 91 88 86 90 90 91 93 94 95 96 97 102 102 101 100 99 98 97 97 98 100 103 104 104 103 100 98 103 103 103 103 103 103 103 103 101 101 100 100 100 100 99 99 99 98 97 96 94 93 92 92 97 97 96 94 93 92 91 90 90 90 90 90 90 90 90 90 85 85 86 87 89 90 91 92 92 93 95 97 100 102 104 105 108 110 115 119 122 123 122 121 116 111 105 101 102 109 117 123 140
79 83 88 91 91 88 83 79 81 81 83 84 86 88 89 90 89 89 88 87 85 84 83 83 87 87 87 87 87 87 87 87 87 88 89 91 92 94 95 96 90 91 93 95 94 92 89 88 91 91 92 94 95 96 97 98 104 104 104 104 103 103 102 102 100 102 104 106 106 104 102 100 107 107 107 107 107 107 107 107 102 102 101 100 100 99 98 98 97 97 96 94 93 92 91 90 94 94 93 92 90 89 88 87 87 87 87 87 87 87 87 87 83 84 85 86 87 89 90 90 90 91 93 96 99 101 103 104 108 110 115 119 122 123 122 121 116 111 105 101 102 109 117 123 131
81 84 89 93 93 89 84 81 84 85 85 86 87 88 89 89 89 89 88 87 85 84 83 83 87 87 87 87 87 87 87 87 86 87 87 88 89 90 91 91 85 87 89 91 92 90 88 87 89 90 91 92 94 95 96 96 104 104 104 105 105 105 106 106 101 103 105 107 107 105 103 101 108 108 108 108 108 108 108 108 104 104 103 101 99 97 96 96 96 95 94 93 92 90 89 89 92 91 90 89 87 86 85 85 85 85 85 85 85 85 85 85 82 82 83 85 86 87 88 89 89 90 92 94 97 100 102 103 108 110 115 119 122 123 122 121 116 111 105 101 102 109 117 123 123
82 86 90 94 94 90 86 82 87 88 88 88 88 88 89 89 89 89 88 87 85 84 83 83 84 84 84 84 84 84 84 84 83 83 83 83 84 84 84 84 78 80 83 86 87 86 85 83 86 86 87 88 90 91 92 93 101 101 102 103 104 105 106 107 103 104 107 109 109 107 104 103 107 107 107 107 107 107 107 107 106 105 104 101 99 96 95 94 94 94 93 92 90 89 88 87 89 88 87 86 85 83 82 82 82 82 82 82 82 82 82 82 80 81 82 83 85 86 87 87 88 89 91 93 96 98 100 101 108 110 115 119 122 123 122 121 116 111 105 101 102 109 117 123 123
83 87 92 95 95 92 87 83 90 90 90 89 89 89 88 88 89 89 88 87 85 84 83 83 81 81 81 81 81 81 81 81 79 79 79 78 78 78 77 77 71 73 77 80 82 82 81 79 81 82 83 84 85 87 88 88 97 98 99 101 102 104 105 106 104 105 108 110 110 108 105 104 105 105 105 105 105 105 105 105 108 107 104 102 98 96 93 92 93 93 92 91 89 88 87 86 87 86 85 84 83 81 80 80 80 80 80 80 80 80 80 80 79 80 81 82 84 85 86 86 86 88 89 92 95 97 99 100 108 110 115 119 122 123 122 121 116 111 105 101 102 109 117 123 131
84 87 92 96 96 92 87 84 91 91 91 90 89 89 88 88 89 89 88 87 85 84 83 83 78 78 78 78 78 78 78 78 76 76 76 75 74 74 73 73 67 69 73 77 79 79 78 77 78 79 80 81 82 84 85 85 94 95 97 99 101 102 104 105 104 106 108 110 110 108 106 104 103 103 103 103 103 103 103 103 109 107 105 102 98 95 93 91 93 92 91 90 89 87 86 86 86 85 84 83 82 80 79 79 79 79 79 79 79 79 79 79 79 79 80 82 83 84 85 86 86 87 89 91 94 97 99 100 108 110 115 119 122 123 122 121 116 111 105 101 102 109 117 123 140
75 86 98 104 100 95 93 94 95 95 94 94 93 92 92 91 88 86 84 81 77 74 72 71 72 72 72 72 72 72 72 72 69 69 69 69 69 69 69 69 64 65 68 71 74 77 80 81 76 76 77 78 80 81 82 83 93 94 96 99 102 104 106 107 100 100 100 100 100 100 100 100 101 102 105 107 107 105 102 101 105 104 101 98 95 92 89 88 93 92 91 90 89 88 87 86 87 87 85 83 81 79 78 77 75 75 75 75 75 75 75 75 74 75 77 81 84 87 89 91 81 82 83 85 87 89 90 91 98 103 112 121 126 128 127 126 104 102 99 99 103 109 117 122 144
74 85 98 103 100 95 94 94 95 95 94 93 92 91 90 90 86 85 83 80 77 74 72 71 71 71 71 71 71 71 71 71 70 70 70 70 70 70 70 70 62 64 66 69 72 75 77 78 75 76 77 78 79 81 82 82 92 93 95 98 101 103 105 106 100 100 100 100 100 100 100 100 100 102 104 106 106 104 102 100 104 103 100 98 95 92 90 88 93 92 91 90 89 88 87 86 87 87 85 84 82 80 79 79 77 77 77 77 77 77 77 77 76 77 79 82 85 88 90 91 82 83 84 86 87 89 90 91 97 103 112 120 126 127 126 125 104 102 100 100 103 110 118 123 147
73 84 97 103 101 96 95 96 96 95 94 92 91 89 88 87 84 83 81 79 76 74 72 71 70 70 70 70 70 70 70 70 69 69 69 69 69 69 69 69 60 61 63 66 68 70 72 73 74 75 76 77 78 80 81 81 90 91 93 96 99 101 103 104 99 99 99 99 99 99 99 99 99 101 103 105 105 103 101 99 101 100 99 96 94 91 90 89 93 92 91 90 89 88 87 86 87 86 86 85 83 82 82 81 80 80 80 80 80 80 80 80 79 80 82 84 87 89 91 92 85 85 86 87 88 89 90 90 96 102 111 119 125 126 125 124 103 102 100 100 105 112 120 125 147
71 82 96 103 101 97 96 98 96 95 94 91 89 87 85 84 81 80 79 77 75 74 72 72 70 70 70 70 70 70 70 70 65 65 65 65 65 65 65 65 60 61 62 64 65 67 68 69 73 73 74 76 77 78 79 80 88 89 91 93 96 98 100 101 97 97 97 97 97 97 97 97 98 100 102 104 104 102 100 98 98 98 96 95 93 91 90 89 93 92 91 90 89 88 87 86 86 86 86 85 85 85 84 84 84 84 84 84 84 84 84 84 84 84 86 87 89 91 92 93 88 88 88 89 89 89 90 90 95 101 109 118 123 125 124 123 103 101 100 101 106 115 123 129 153
69 81 95 102 101 98 98 100 97 96 93 90 87 84 82 81 77 77 76 75 74 73 73 72 73 73 73 73 73 73 73 73 63 63 63 63 63 63 63 63 62 62 63 64 65 66 67 67 71 72 73 74 75 77 78 78 85 86 88 90 93 95 97 98 96 96 96 96 96 96 96 96 96 98 100 102 102 100 98 96 95 94 94 93 92 91 90 90 93 92 91 90 89 88 87 86 86 86 86 87 87 87 88 88 88 88 88 88 88 88 88 88 88 89 90 90 91 92 93 93 91 91 91 90 90 90 89 89 94 99 108 116 122 124 123 121 102 101 100 102 108 117 126 132 172
67 79 94 102 102 99 100 102 97 96 93 89 85 82 79 78 74 74 74 74 73 73 73 73 78 78 78 78 78 78 78 78 68 68 68 68 68 68 68 68 66 66 66 67 67 67 67 67 70 70 71 73 74 75 76 77 82 83 85 87 90 93 95 96 94 94 94 94 94 94 94 94 95 97 99 101 101 99 97 95 92 91 91 91 91 91 90 90 93 92 91 90 89 88 87 86 85 86 86 87 89 90 90 91 92 92 92 92 92 92 92 92 93 93 93 94 94 94 94 94 94 94 93 92 91 90 89 89 92 98 107 115 121 122 121 120 102 101 101 103 110 120 129 135 194
65 78 93 102 102 100 101 103 98 96 93 89 84 80 77 75 72 72 72 72 73 73 73 73 83 83 83 83 83 83 83 83 81 81 81 81 81 81 81 81 71 71 71 70 70 70 69 69 69 69 70 72 73 74 75 76 80 81 83 85 88 91 93 94 93 93 93 93 93 93 93 93 94 96 98 100 100 98 96 94 89 89 89 90 90 90 91 91 93 92 91 90 89 88 87 86 85 85 87 88 90 92 93 93 95 95 95 95 95 95 95 95 97 96 96 96 96 95 95 95 97 96 95 93 92 90 89 88 91 97 105 114 120 121 120 119 101 101 101 104 111 121 131 138 194
65 77 93 101 102 101 102 104 98 96 93 88 83 79 76 74 70 70 71 72 72 73 73 73 87 87 87 87 87 87 87 87 91 91 91 91 91 91 91 91 74 74 74 73 72 72 71 71 68 69 70 71 73 74 75 75 79 80 82 84 87 90 92 93 93 93 93 93 93 93 93 93 93 95 98 99 99 98 95 93 88 88 88 89 90 90 91 91 93 92 91 90 89 88 87 86 85 85 87 89 91 93 94 95 97 97 97 97 97 97 97 97 98 98 98 97 96 96 95 95 98 97 96 94 92 90 89 88 91 96 105 113 119 121 120 118 101 101 101 105 112 122 133 139 181
61 74 89 98 99 97 98 101 97 94 88 82 77 74 74 73 74 75 78 81 84 87 90 91 91 91 90 89 89 88 88 87 92 92 92 92 92 92 92 92 94 92 90 87 83 80 78 77 79 78 77 76 75 73 72 72 79 80 81 82 83 85 86 86 92 93 95 96 96 93 90 88 97 99 101 103 103 101 99 97 97 96 94 91 88 86 84 83 83 83 83 83 83 83 83 83 83 84 86 88 91 94 96 97 101 101 100 100 99 99 98 98 103 103 102 100 99 98 97 96 97 97 97 97 97 97 97 97 96 96 98 101 107 114 120 124 104 98 92 94 106 124 142 153 168
60 72 88 97 98 97 98 101 97 93 88 82 77 75 74 74 75 76 78 81 84 87 89 90 90 90 90 91 91 92 92 92 96 96 96 96 96 96 96 96 93 91 89 86 83 80 78 77 79 79 78 77 75 74 73 72 79 79 80 81 83 84 85 86 91 92 95 96 96 94 91 89 97 99 101 103 103 101 99 97 96 95 93 90 88 85 83 82 78 78 78 78 78 78 78 78 82 83 85 88 90 93 95 96 102 102 102 102 101 101 101 101 105 104 103 102 101 99 98 98 97 97 97 97 97 97 97 97 96 96 98 101 107 114 120 124 105 98 92 94 107 124 139 147 160
57 70 86 96 98 97 99 101 95 92 87 82 78 76 75 76 76 77 79 81 84 86 88 89 88 88 90 92 94 96 98 99 101 101 101 101 101 101 101 101 93 92 91 88 86 84 82 81 80 80 79 78 76 75 74 73 78 78 79 80 82 83 84 85 89 91 94 96 96 95 92 91 97 99 101 103 103 101 99 97 95 94 92 89 87 84 82 81 73 73 73 73 73 73 73 73 81 82 84 87 89 92 94 95 103 103 103 104 104 104 104 104 107 107 106 104 103 102 101 100 97 97 97 97 97 97 97 97 96 96 98 101 107 114 120 124 106 98 91 95 108 123 132 135 155
54 67 84 94 97 97 99 102 93 90 86 81 78 77 77 78 78 79 80 82 83 85 86 87 86 87 89 93 96 99 102 103 103 103 103 103 103 103 103 103 97 96 95 93 92 90 89 88 82 81 80 79 78 76 75 75 76 77 78 79 80 82 83 83 88 90 93 95 96 96 94 93 97 99 101 103 103 101 99 97 94 93 91 88 85 83 81 80 74 74 74 74 74 74 74 74 80 81 83 85 88 91 93 94 102 103 103 104 105 106 107 107 108 108 107 106 104 103 102 101 97 97 97 97 97 97 97 97 96 96 98 101 107 114 120 124 107 98 91 96 110 122 124 120 147
51 64 81 93 96 96 99 102 91 89 85 81 78 78 79 80 80 80 81 82 83 84 85 85 84 85 88 91 95 98 100 102 100 100 100 100 100 100 100 100 98 98 97 96 95 95 94 93 83 83 82 80 79 78 77 76 75 75 76 78 79 80 81 82 86 88 92 95 97 97 96 95 97 99 101 103 103 101 99 97 92 91 89 87 84 81 79 78 77 77 77 77 77 77 77 77 78 79 81 84 87 89 91 92 99 100 101 102 104 106 107 108 107 106 105 104 103 101 100 100 97 97 97 97 97 97 97 97 96 96 98 101 107 114 120 124 109 97 90 97 113 121 114 104 125
47 61 79 91 95 96 99 103 90 87 84 80 79 79 80 81 82 82 82 82 83 83 83 83 83 84 86 88 90 92 94 95 92 92 92 92 92 92 92 92 92 92 92 92 92 91 91 91 85 84 83 82 80 79 78 78 73 74 75 76 78 79 80 80 84 86 91 95 97 98 97 96 97 99 101 103 103 101 99 97 91 90 88 85 83 80 78 77 78 78 78 78 78 78 78 78 77 78 80 83 85 88 90 91 93 94 96 98 101 103 105 106 103 103 102 100 99 98 97 96 97 97 97 97 97 97 97 97 96 96 98 101 107 114 120 124 110 97 89 98 115 120 106 89 97
45 59 77 89 94 96 100 103 88 86 83 80 79 80 81 83 83 83 83 83 82 82 82 82 83 84 84 84 85 85 86 86 83 83 83 83 83 83 83 83 80 80 80 80 81 81 81 81 86 85 84 83 81 80 79 79 72 73 74 75 77 78 79 79 82 85 90 94 97 99 98 98 97 99 101 103 103 101 99 97 90 89 87 84 82 79 77 76 73 73 73 73 73 73 73 73 76 77 79 82 84 87 89 90 87 89 91 94 97 100 102 103 99 98 97 96 95 93 92 92 97 97 97 97 97 97 97 97 96 96 98 101 107 114 120 124 111 97 88 99 116 119 99 78 84
44 58 76 89 94 96 100 104 87 85 82 80 79 80 82 84 84 84 83 83 82 82 81 81 84 83 83 82 81 81 80 80 78 78 78 78 78 78 78 78 69 69 70 70 71 71 72 72 86 86 85 83 82 81 80 79 72 72 73 75 76 77 78 79 82 85 89 94 98 99 99 99 97 99 101 103 103 101 99 97 89 88 86 84 81 78 76 75 68 68 68 68 68 68 68 68 75 76 78 81 84 86 88 89 84 85 87 91 94 97 100 101 96 95 94 93 92 90 89 89 97 97 97 97 97 97 97 97 96 96 98 101 107 114 120 124 111 97 88 99 117 118 96 71 88
39 51 68 85 96 100 98 95 86 85 84 83 82 81 80 79 81 81 80 80 79 78 78 78 77 76 75 73 71 70 68 68 79 79 79 80 81 81 82 82 65 65 64 65 68 72 75 78 68 69 71 74 77 80 82 84 69 71 75 78 79 79 77 76 83 83 84 85 87 88 89 90 94 96 98 100 100 98 96 94 89 86 82 77 75 74 74 75 61 60 60 61 63 67 72 75 74 75 76 79 82 84 86 87 88 91 97 101 101 99 95 91 86 86 86 86 86 86 86 86 92 94 97 99 100 99 97 96 94 93 94 97 105 115 126 132 122 111 100 100 107 107 96 85 92
39 51 68 85 96 100 98 95 86 85 84 83 82 81 80 79 83 82 81 79 77 75 74 73 69 69 70 71 72 72 73 73 80 80 79 79 78 78 78 77 71 71 71 72 73 74 75 76 74 74 74 75 75 76 76 76 69 72 75 78 80 79 78 76 82 83 84 85 86 88 89 89 93 94 97 99 99 97 94 93 89 86 82 77 75 74 74 75 69 68 66 66 67 70 73 75 72 72 73 74 76 77 78 78 82 86 90 94 95 93 90 88 85 85 85 85 85 85 85 85 90 92 95 98 99 98 97 95 93 93 94 98 106 116 127 133 124 112 101 100 107 106 95 83 93
39 51 68 85 96 100 98 95 86 85 84 83 82 81 80 79 85 84 81 78 74 71 68 67 63 64 65 68 70 73 75 76 77 76 75 73 70 68 67 66 62 64 67 69 70 69 68 67 77 77 76 75 73 72 71 71 71 73 76 79 81 80 79 77 81 82 83 84 85 87 88 88 91 92 95 97 97 95 92 91 89 86 82 77 75 74 74 75 79 76 73 70 69 70 72 73 70 70 69 68 67 66 65 64 71 73 77 80 82 82 80 79 83 83 83 83 83 83 83 83 87 89 93 96 97 97 96 95 93 93 94 98 107 118 129 136 127 114 102 101 106 105 93 80 97
39 51 68 85 96 100 98 95 86 85 84 83 82 81 80 79 86 84 80 76 71 67 63 61 65 65 66 66 67 67 68 68 67 65 63 60 56 53 51 49 39 44 52 60 64 64 62 60 71 71 72 72 73 74 74 75 72 74 78 81 82 81 80 79 80 80 81 83 84 85 86 87 88 90 92 94 94 92 90 88 89 86 82 77 75 74 74 75 82 79 74 70 67 65 66 66 69 68 65 63 60 57 55 53 55 57 59 62 65 66 67 67 80 80 80 80 80 80 80 80 82 85 89 93 95 96 95 94 92 92 94 99 109 121 132 139 131 118 104 102 105 103 89 76 105
39 51 68 85 96 100 98 95 86 85 84 83 82 81 80 79 83 81 77 73 68 64 60 58 72 71 68 65 62 59 56 55 52 50 48 45 41 38 36 34 25 35 50 64 72 73 70 67 59 61 64 69 74 78 81 83 73 76 79 82 83 83 81 80 78 79 80 81 82 84 85 85 85 87 89 91 91 89 87 85 89 86 82 77 75 74 74 75 79 75 70 65 61 59 59 59 69 68 65 62 58 54 51 50 43 44 45 47 51 54 57 59 78 78 78 78 78 78 78 78 77 80 85 89 93 94 94 93 92 92 94 100 110 123 135 142 135 121 107 103 104 100 86 72 111
39 51 68 85 96 100 98 95 86 85 84 83 82 81 80 79 77 76 73 70 66 63 60 59 74 72 69 64 58 53 49 47 40 39 37 35 33 31 29 28 33 46 65 82 91 90 84 79 53 56 60 67 73 80 84 87 75 77 80 83 85 84 83 82 77 77 78 80 81 82 83 84 82 84 87 88 88 87 84 82 89 86 82 77 75 74 74 75 76 73 68 63 60 58 58 59 72 70 68 65 61 58 56 55 42 42 42 44 48 53 58 62 75 75 75 75 75 75 75 75 73 76 81 86 90 92 92 92 91 92 95 101 112 125 138 146 138 124 109 103 104 98 83 69 110
39 51 68 85 96 100 98 95 86 85 84 83 82 81 80 79 71 70 69 67 65 63 62 61 68 67 64 61 57 54 51 50 35 35 34 34 33 33 33 32 47 60 79 95 100 95 83 75 56 58 62 66 71 76 80 82 76 78 81 84 86 85 84 83 76 76 77 79 80 81 82 83 80 82 85 86 86 85 82 80 89 86 82 77 75 74 74 75 76 74 70 66 64 63 64 65 74 74 72 70 68 66 64 63 51 50 49 50 55 62 69 73 73 73 73 73 73 73 73 73 69 73 78 84 88 91 92 92 91 92 95 102 113 127 140 148 141 126 110 104 103 97 81 66 101
39 51 68 85 96 100 98 95 86 85 84 83 82 81 80 79 66 66 66 65 64 64 63 63 60 60 59 58 57 56 56 55 35 35 36 36 37 38 38 39 52 64 82 96 97 87 71 60 62 63 65 67 70 72 73 74 76 78 82 85 86 86 84 83 75 76 77 78 80 81 82 82 79 81 83 85 85 83 81 79 89 86 82 77 75 74 74 75 78 76 73 70 69 69 71 72 76 76 75 74 72 71 70 70 60 58 57 58 63 71 79 84 72 72 72 72 72 72 72 72 67 71 77 83 88 90 91 91 91 92 95 102 114 128 141 149 143 128 111 104 103 96 79 64 92
49 58 72 86 96 100 99 98 89 89 88 87 85 84 83 82 72 71 70 69 67 66 65 65 51 53 57 62 67 73 76 78 55 50 43 38 38 43 50 55 70 74 78 82 82 78 74 70 75 79 83 86 85 81 76 72 71 73 77 81 83 83 82 81 79 79 79 79 79 79 79 79 79 80 81 82 83 84 85 86 86 85 84 83 82 81 80 79 79 79 79 79 79 79 79 79 75 75 75 75 75 75 75 75 72 73 74 75 77 78 79 79 75 76 77 78 79 81 82 82 82 82 83 84 86 87 88 89 97 100 102 103 108 123 145 161 146 118 102 112 119 104 83 73 84
49 58 72 86 96 100 99 98 90 89 88 87 86 84 83 83 73 73 72 70 69 68 67 66 56 57 60 64 68 71 74 76 63 59 52 48 48 52 59 63 69 72 76 79 79 76 72 69 77 80 84 86 86 83 78 75 72 75 78 81 83 83 82 81 79 79 79 79 79 79 79 79 79 80 81 82 83 84 85 86 86 85 84 83 82 81 80 79 79 79 79 79 79 79 79 79 76 76 76 76 76 76 76 76 71 72 73 74 75 76 77 78 76 77 78 79 81 82 83 83 85 86 87 88 89 91 92 92 98 100 102 103 109 124 145 162 143 115 100 112 120 106 86 77 68
49 58 72 86 96 100 99 98 91 90 89 88 87 85 84 84 76 76 75 74 72 71 70 69 64 64 66 67 69 70 71 72 72 69 64 60 60 64 69 72 67 69 72 74 74 72 69 67 76 78 81 83 84 82 79 78 75 77 80 83 84 83 82 80 78 78 78 78 78 78 78 78 79 80 81 82 83 84 85 86 86 85 84 83 82 81 80 79 79 79 79 79 79 79 79 79 77 77 77 77 77 77 77 77 70 70 71 72 74 75 76 77 78 79 80 81 83 84 85 85 91 91 92 93 95 96 97 98 99 101 103 104 110 125 146 163 138 111 98 111 122 111 92 84 59
49 58 72 86 96 100 99 98 92 92 91 89 88 87 86 85 80 80 79 78 76 75 74 73 71 71 71 71 70 70 70 70 76 74 70 68 68 70 74 76 67 67 68 69 69 68 67 67 71 72 74 75 76 76 76 76 78 80 82 85 85 84 81 80 76 76 76 76 76 76 76 76 79 80 81 82 83 84 85 86 86 85 84 83 82 81 80 79 79 79 79 79 79 79 79 79 78 78 78 78 78 78 78 78 70 71 72 73 74 75 76 77 81 82 83 84 85 87 88 88 96 96 97 98 100 101 102 103 100 103 105 106 111 126 148 164 134 108 97 112 124 115 98 90 64
49 58 72 86 96 100 99 98 94 93 92 91 90 88 87 87 85 84 83 82 80 79 78 78 76 76 75 74 73 72 71 71 75 74 72 71 71 72 74 75 69 68 67 67 67 67 68 69 65 65 65 66 68 70 73 74 81 83 85 86 86 84 81 79 75 75 75 75 75 75 75 75 79 80 81 82 83 84 85 86 86 85 84 83 82 81 80 79 79 79 79 79 79 79 79 79 80 80 80 80 80 80 80 80 73 73 74 76 77 78 79 80 84 84 85 87 88 89 90 91 99 99 100 101 103 104 105 105 102 104 106 107 113 128 149 165 134 108 97 113 126 117 101 94 66
49 58 72 86 96 100 99 98 95 95 94 92 91 90 89 88 89 88 87 86 84 83 82 82 78 77 77 76 76 75 75 75 74 74 74 74 74 74 74 74 74 72 69 67 67 69 72 74 64 63 62 63 65 70 74 77 84 86 87 88 87 84 81 79 73 73 73 73 73 73 73 73 79 80 81 82 83 84 85 86 86 85 84 83 82 81 80 79 79 79 79 79 79 79 79 79 81 81 81 81 81 81 81 81 78 78 79 81 82 83 84 85 87 87 88 89 91 92 93 94 99 99 100 102 103 104 105 106 103 105 107 109 114 129 150 167 136 111 99 114 127 118 101 94 60
49 58 72 86 96 100 99 98 96 96 95 93 92 91 90 89 92 91 90 89 88 86 85 85 77 77 77 78 78 79 79 80 76 78 79 80 80 79 78 76 79 76 72 69 69 72 76 79 70 69 67 67 70 76 82 86 87 88 89 89 88 84 81 78 72 72 72 72 72 72 72 72 79 80 81 82 83 84 85 86 86 85 84 83 82 81 80 79 79 79 79 79 79 79 79 79 82 82 82 82 82 82 82 82 83 84 85 86 88 89 90 90 89 89 90 91 93 94 95 96 98 98 99 100 102 103 104 104 104 106 108 110 115 130 152 168 140 114 102 116 128 117 100 92 57
49 58 72 86 96 100 99 98 97 96 95 94 92 91 90 90 93 93 92 91 89 88 87 86 76 76 77 79 80 81 82 83 80 82 84 85 85 84 82 80 82 78 74 70 70 74 78 82 77 75 72 72 76 82 89 94 88 89 90 90 88 85 81 78 72 72 72 72 72 72 72 72 79 80 81 82 83 84 85 86 86 85 84 83 82 81 80 79 79 79 79 79 79 79 79 79 83 83 83 83 83 83 83 83 87 87 88 90 91 92 93 94 90 90 91 93 94 95 96 97 96 97 98 99 100 102 103 103 105 107 109 110 116 131 152 168 143 117 103 117 128 117 99 90 62
60 66 74 84 93 100 104 105 103 103 102 101 99 98 97 97 93 92 91 90 89 87 86 86 86 86 86 86 86 86 86 86 89 89 88 87 85 84 83 83 80 80 78 76 74 72 71 70 74 74 76 78 80 82 83 84 83 84 86 86 85 82 78 76 75 74 72 72 73 76 80 82 76 78 82 85 86 86 84 83 86 86 86 86 86 86 86 86 79 79 80 82 83 84 85 86 90 90 90 90 90 90 90 90 90 90 91 92 94 95 96 96 97 97 97 97 97 97 97 97 97 97 98 99 101 102 103 103 110 103 104 109 109 114 143 178 159 123 107 127 142 127 106 100 68
62 67 75 85 94 100 104 105 103 103 102 101 99 98 97 97 93 93 92 91 89 88 87 86 86 86 86 86 86 86 86 86 89 89 88 87 85 84 83 83 81 80 79 77 75 74 73 72 76 76 77 79 81 82 83 84 83 84 85 86 84 81 78 76 75 74 72 72 73 76 80 82 76 78 82 85 86 86 84 83 86 86 86 86 86 86 86 86 79 80 81 82 84 85 86 86 90 90 90 90 90 90 90 90 90 90 91 92 94 95 96 96 97 97 97 97 97 97 97 97 97 97 98 99 101 102 103 103 109 103 104 110 109 113 141 176 165 132 115 129 140 126 105 97 66
64 69 77 86 94 100 103 105 103 103 102 101 99 98 97 97 94 94 93 92 90 89 88 87 87 87 87 87 87 87 87 87 89 89 88 87 85 84 83 83 81 81 80 79 78 77 76 76 79 79 80 81 82 83 84 85 82 83 84 85 83 80 77 75 75 74 72 72 73 76 80 82 76 78 82 85 86 86 84 83 86 86 86 86 86 86 86 86 80 81 82 83 85 86 87 87 90 90 90 90 90 90 90 90 90 90 91 92 94 95 96 96 97 97 97 97 97 97 97 97 97 97 98 99 101 102 103 103 108 102 104 111 109 112 139 172 174 146 127 132 137 124 104 94 67
68 72 80 88 95 100 103 104 103 103 102 101 99 98 97 97 96 95 94 93 92 90 89 89 89 89 89 89 89 89 89 89 89 89 88 87 85 84 83 83 82 82 82 81 81 80 80 80 84 84 84 84 85 85 85 86 80 81 83 83 82 79 76 73 75 74 72 72 73 76 80 82 76 78 82 85 86 86 84 83 86 86 86 86 86 86 86 86 82 82 83 85 86 87 88 89 90 90 90 90 90 90 90 90 90 90 91 92 94 95 96 96 97 97 97 97 97 97 97 97 97 97 98 99 101 102 103 103 106 102 105 112 110 110 135 167 182 160 139 133 131 120 102 89 77
71 75 82 90 96 101 103 104 103 103 102 101 99 98 97 97 97 97 96 94 93 92 91 90 90 90 90 90 90 90 90 90 89 89 88 87 85 84 83 83 83 83 83 84 84 85 85 85 88 88 88 88 87 87 87 86 79 80 81 82 81 78 74 72 75 74 72 72 73 76 80 82 76 78 82 85 86 86 84 83 86 86 86 86 86 86 86 86 83 84 85 86 87 89 90 90 90 90 90 90 90 90 90 90 90 90 91 92 94 95 96 96 97 97 97 97 97 97 97 97 97 97 98 99 101 102 103 103 105 101 105 113 110 109 131 161 184 170 148 130 122 116 101 85 94
74 78 85 92 97 101 103 103 103 103 102 101 99 98 97 97 99 98 97 96 94 93 92 92 92 92 92 92 92 92 92 92 89 89 88 87 85 84 83 83 84 84 85 86 87 88 89 89 93 93 92 91 90 89 88 87 77 79 80 81 79 76 73 71 75 74 72 72 73 76 80 82 76 78 82 85 86 86 84 83 86 86 86 86 86 86 86 86 85 85 86 87 89 90 91 92 90 90 90 90 90 90 90 90 90 90 91 92 94 95 96 96 97 97 97 97 97 97 97 97 97 97 98 99 101 102 103 103 103 100 106 114 110 107 127 156 181 174 152 125 113 111 99 82 109
77 80 86 93 98 101 102 103 103 103 102 101 99 98 97 97 100 99 98 97 95 94 93 93 93 93 93 93 93 93 93 93 89 89 88 87 85 84 83 83 84 85 86 88 90 91 92 93 96 96 95 93 91 90 89 88 76 78 79 80 78 75 72 69 75 74 72 72 73 76 80 82 76 78 82 85 86 86 84 83 86 86 86 86 86 86 86 86 86 86 87 88 90 91 92 93 90 90 90 90 90 90 90 90 90 90 91 92 94 95 96 96 97 97 97 97 97 97 97 97 97 97 98 99 101 102 103 103 102 100 107 115 111 106 124 151 175 174 153 119 104 107 98 80 117
78 82 87 94 99 101 102 102 103 103 102 101 99 98 97 97 100 100 99 97 96 95 94 93 93 93 93 93 93 93 93 93 89 89 88 87 85 84 83 83 85 85 87 89 91 93 94 95 98 98 96 94 92 90 89 88 76 77 79 79 78 75 71 69 75 74 72 72 73 76 80 82 76 78 82 85 86 86 84 83 86 86 86 86 86 86 86 86 86 87 88 89 90 92 93 93 90 90 90 90 90 90 90 90 90 90 91 92 94 95 96 96 97 97 97 97 97 97 97 97 97 97 98 99 101 102 103 103 101 100 107 116 111 105 122 149 170 173 152 115 99 105 98 79 119
93 94 95 96 97 98 99 100 97 97 97 97 97 97 97 97 93 93 93 93 93 93 93 93 96 96 95 94 92 91 90 90 82 83 84 85 87 88 89 89 93 93 93 93 93 93 93 93 93 94 95 94 91 87 82 80 83 82 81 80 78 77 76 76 68 69 70 71 73 74 75 75 83 85 87 89 89 87 85 83 86 86 86 86 86 86 86 86 89 87 85 83 83 85 87 89 93 94 95 96 97 98 99 100 93 93 93 93 93 93 93 93 97 97 97 97 97 97 97 97 97 97 98 99 101 102 103 103 105 107 107 105 105 113 128 141 170 160 142 121 103 89 80 77 120
93 94 95 96 97 98 99 100 97 97 97 97 97 97 97 97 93 93 93 93 93 93 93 93 96 96 95 94 92 91 90 90 83 83 84 86 87 88 89 90 93 93 93 93 93 93 93 93 93 94 95 94 91 87 82 80 82 82 81 79 78 77 76 75 69 69 70 72 73 74 75 76 83 85 87 89 89 87 85 83 86 86 86 86 86 86 86 86 89 87 85 83 83 85 87 89 93 94 95 96 97 98 99 100 93 93 93 93 93 93 93 93 97 97 97 97 97 97 97 97 97 97 98 99 101 102 103 103 105 107 107 105 105 113 128 141 168 158 141 121 103 89 80 76 127
93 94 95 96 97 98 99 100 97 97 97 97 97 97 97 97 94 94 94 94 94 94 94 94 96 96 95 94 92 91 90 90 84 84 85 87 88 89 90 91 93 93 93 93 93 93 93 93 93 94 95 94 91 87 82 80 81 81 80 78 77 76 75 74 70 70 71 73 74 75 76 77 83 85 87 89 89 87 85 83 86 86 86 86 86 86 86 86 89 87 85 83 83 85 87 89 93 94 95 96 97 98 99 100 94 94 94 94 94 94 94 94 97 97 97 97 97 97 97 97 97 97 98 99 101 102 103 103 105 107 107 105 105 113 128 141 164 155 140 122 104 90 80 75 133
93 94 95 96 97 98 99 100 97 97 97 97 97 97 97 97 96 96 96 96 96 96 96 96 96 96 95 94 92 91 90 90 85 86 87 88 89 91 92 92 93 93 93 93 93 93 93 93 93 94 95 94 91 87 82 80 80 79 78 77 76 74 73 73 71 72 73 74 75 77 78 78 83 85 87 89 89 87 85 83 86 86 86 86 86 86 86 86 89 87 85 83 83 85 87 89 93 94 95 96 97 98 99 100 96 96 96 96 96 96 96 96 97 97 97 97 97 97 97 97 97 97 98 99 101 102 103 103 105 107 107 105 105 113 128 141 158 151 138 122 105 90 79 73 131
93 94 95 96 97 98 99 100 97 97 97 97 97 97 97 97 97 97 97 97 97 97 97 97 96 96 95 94 92 91 90 90 87 87 88 90 91 92 93 94 93 93 93 93 93 93 93 93 93 94 95 94 91 87 82 80 78 78 77 75 74 73 72 71 73 73 74 76 77 78 79 80 83 85 87 89 89 87 85 83 86 86 86 86 86 86 86 86 89 87 85 83 83 85 87 89 93 94 95 96 97 98 99 100 97 97 97 97 97 97 97 97 97 97 97 97 97 97 97 97 97 97 98 99 101 102 103 103 105 107 107 105 105 113 128 141 153 147 137 123 106 91 78 72 120
93 94 95 96 97 98 99 100 97 97 97 97 97 97 97 97 99 99 99 99 99 99 99 99 96 96 95 94 92 91 90 90 88 89 90 91 92 94 95 95 93 93 93 93 93 93 93 93 93 94 95 94 91 87 82 80 77 76 75 74 73 71 70 70 74 75 76 77 78 80 81 81 83 85 87 89 89 87 85 83 86 86 86 86 86 86 86 86 89 87 85 83 83 85 87 89 93 94 95 96 97 98 99 100 99 99 99 99 99 99 99 99 97 97 97 97 97 97 97 97 97 97 98 99 101 102 103 103 105 107 107 105 105 113 128 141 147 143 135 123 107 91 78 70 108
93 94 95 96 97 98 99 100 97 97 97 97 97 97 97 97 100 100 100 100 100 100 100 100 96 96 95 94 92 91 90 90 89 90 91 92 93 95 96 96 93 93 93 93 93 93 93 93 93 94 95 94 91 87 82 80 76 75 74 73 72 70 69 69 75 76 77 78 79 81 82 82 83 85 87 89 89 87 85 83 86 86 86 86 86 86 86 86 89 87 85 83 83 85 87 89 93 94 95 96 97 98 99 100 100 100 100 100 100 100 100 100 97 97 97 97 97 97 97 97 97 97 98 99 101 102 103 103 105 107 107 105 105 113 128 141 143 141 134 123 108 92 77 69 101
93 94 95 96 97 98 99 100 97 97 97 97 97 97 97 97 100 100 100 100 100 100 100 100 96 96 95 94 92 91 90 90 90 90 91 92 94 95 96 97 93 93 93 93 93 93 93 93 93 94 95 94 91 87 82 80 75 75 74 73 71 70 69 68 76 76 77 78 80 81 82 83 83 85 87 89 89 87 85 83 86 86 86 86 86 86 86 86 89 87 85 83 83 85 87 89 93 94 95 96 97 98 99 100 100 100 100 100 100 100 100 100 97 97 97 97 97 97 97 97 97 97 98 99 101 102 103 103 105 107 107 105 105 113 128 141 141 139 133 123 109 92 77 68 98
96 94 92 90 90 92 94 96 100 100 99 97 96 95 94 93 97 97 97 97 97 97 97 97 90 90 90 90 90 90 90 90 93 94 95 96 97 98 99 100 97 97 97 97 97 97 97 97 86 91 96 99 97 90 82 76 69 68 66 65 66 68 71 73 80 81 81 82 83 83 84 84 89 89 89 89 89 89 89 89 87 86 85 86 88 91 95 98 83 81 77 76 78 83 89 93 97 97 97 97 97 97 97 97 100 100 100 100 100 100 100 100 97 97 97 97 97 97 97 97 97 97 97 97 97 97 97 97 98 102 105 105 105 111 124 134 144 135 127 125 122 109 87 68 81
96 94 92 90 90 92 94 96 100 99 98 97 95 94 93 93 96 96 96 96 96 96 96 96 90 90 90 90 90 90 90 90 93 94 95 96 97 98 99 100 97 97 97 97 97 97 97 97 87 91 96 98 96 89 81 75 70 68 67 66 67 70 73 75 80 81 81 82 83 84 85 86 90 90 90 90 90 90 90 90 88 87 86 86 87 91 94 97 84 81 78 76 77 82 89 93 97 97 97 97 97 97 97 97 100 100 100 100 100 100 100 100 97 97 97 97 97 97 97 97 97 97 97 97 97 97 97 97 98 102 105 105 105 111 124 134 142 134 126 122 118 104 84 67 73
96 94 92 90 90 92 94 96 99 98 97 96 94 93 92 92 95 95 95 95 95 95 95 95 90 90 90 90 90 90 90 90 93 94 95 96 97 98 99 100 97 97 97 97 97 97 97 97 89 92 95 96 93 86 79 74 70 69 68 68 69 72 76 78 80 80 82 83 85 86 87 88 91 91 91 91 91 91 91 91 90 88 87 86 87 90 93 95 86 83 78 76 77 82 87 91 97 97 97 97 97 97 97 97 100 100 100 100 100 100 100 100 97 97 97 97 97 97 97 97 97 97 97 97 97 97 97 97 98 102 105 105 105 111 124 134 138 132 125 119 111 98 80 67 63
96 94 92 90 90 92 94 96 97 97 96 94 93 92 91 90 94 94 94 94 94 94 94 94 90 90 90 90 90 90 90 90 93 94 95 96 97 98 99 100 97 97 97 97 97 97 97 97 92 93 94 93 89 83 77 73 71 70 69 70 72 76 80 83 79 80 82 84 86 89 90 91 92 92 92 92 92 92 92 92 91 90 88 86 87 89 92 93 87 84 80 76 77 81 86 89 97 97 97 97 97 97 97 97 100 100 100 100 100 100 100 100 97 97 97 97 97 97 97 97 97 97 97 97 97 97 97 97 98 102 105 105 105 111 124 134 133 129 123 115 106 93 80 72 57
96 94 92 90 90 92 94 96 96 95 94 93 92 90 89 89 92 92 92 92 92 92 92 92 90 90 90 90 90 90 90 90 93 94 95 96 97 98 99 100 97 97 97 97 97 97 97 97 95 94 92 89 85 80 75 72 72 71 71 72 76 80 85 88 79 80 82 85 88 91 93 95 94 94 94 94 94 94 94 94 93 92 89 87 86 88 90 91 89 86 81 77 76 80 84 87 97 97 97 97 97 97 97 97 100 100 100 100 100 100 100 100 97 97 97 97 97 97 97 97 97 97 97 97 97 97 97 97 98 102 105 105 105 111 124 134 126 126 122 114 103 92 86 83 61
96 94 92 90 90 92 94 96 94 94 93 92 90 89 88 87 91 91 91 91 91 91 91 91 90 90 90 90 90 90 90 90 93 94 95 96 97 98 99 100 97 97 97 97 97 97 97 97 97 95 91 86 81 76 73 71 73 73 73 75 79 84 89 92 78 80 83 86 90 94 96 98 95 95 95 95 95 95 95 95 95 93 90 87 86 87 88 90 91 87 82 77 76 78 83 86 97 97 97 97 97 97 97 97 100 100 100 100 100 100 100 100 97 97 97 97 97 97 97 97 97 97 97 97 97 97 97 97 98 102 105 105 105 111 124 134 120 122 121 114 103 96 96 99 75
96 94 92 90 90 92 94 96 93 93 92 91 89 88 87 86 90 90 90 90 90 90 90 90 90 90 90 90 90 90 90 90 93 94 95 96 97 98 99 100 97 97 97 97 97 97 97 97 99 96 90 84 78 74 71 70 73 73 74 77 81 87 92 96 78 80 83 87 91 95 99 100 96 96 96 96 96 96 96 96 97 94 91 87 86 86 87 88 93 89 82 77 76 78 81 84 97 97 97 97 97 97 97 97 100 100 100 100 100 100 100 100 97 97 97 97 97 97 97 97 97 97 97 97 97 97 97 97 98 102 105 105 105 111 124 134 114 119 122 115 105 101 107 114 92
96 94 92 90 90 92 94 96 93 92 91 90 89 87 86 86 89 89 89 89 89 89 89 89 90 90 90 90 90 90 90 90 93 94 95 96 97 98 99 100 97 97 97 97 97 97 97 97 101 97 90 83 77 72 70 70 74 74 75 77 82 88 94 98 78 79 83 87 92 96 100 102 97 97 97 97 97 97 97 97 98 95 91 88 86 85 86 87 93 89 83 78 76 77 81 83 97 97 97 97 97 97 97 97 100 100 100 100 100 100 100 100 97 97 97 97 97 97 97 97 97 97 97 97 97 97 97 97 98 102 105 105 105 111 124 134 111 118 122 117 107 105 114 124 103
100 97 94 91 90 90 91 93 90 90 90 90 90 90 90 90 93 93 93 93 93 93 93 93 92 91 88 87 87 88 91 92 93 94 95 96 97 98 99 100 97 99 101 103 103 101 99 97 98 93 84 76 70 69 69 71 73 73 73 75 79 85 90 93 80 81 84 88 92 96 99 100 100 100 100 100 100 100 100 100 88 88 87 87 86 85 85 85 93 92 90 88 85 83 81 80 90 92 96 99 100 100 98 97 97 97 97 97 97 97 97 97 96 96 95 94 92 91 90 90 93 94 95 96 97 99 100 100 100 101 103 106 108 111 113 114 117 115 113 111 111 113 115 117 111
99 97 93 90 89 89 91 92 90 90 90 90 90 90 90 90 93 93 93 93 93 93 93 93 92 91 88 87 87 88 91 92 93 94 95 96 97 98 99 100 97 99 101 103 103 101 99 97 98 93 85 77 72 70 70 70 72 72 71 72 74 78 83 85 78 79 82 86 90 94 97 99 99 99 99 99 99 99 99 99 87 87 86 85 84 83 83 82 90 90 88 86 84 82 81 80 90 92 96 99 100 100 98 97 97 97 97 97 97 97 97 97 96 96 95 94 92 91 90 90 93 93 94 95 97 98 99 100 100 101 103 106 108 111 113 114 117 115 112 111 111 112 115 117 111
98 96 92 89 88 88 90 91 90 90 90 90 90 90 90 90 92 92 92 92 92 92 92 92 92 91 88 87 87 88 91 92 93 94 95 96 97 98 99 100 97 99 101 103 103 101 99 97 98 94 87 80 74 71 70 70 72 70 68 66 67 69 71 73 75 76 79 83 87 91 94 96 96 96 96 96 96 96 96 96 86 85 84 82 81 79 78 78 85 85 84 84 83 82 81 81 90 92 96 99 100 100 98 97 97 97 97 97 97 97 97 97 96 96 95 94 92 91 90 90 92 92 93 94 96 97 98 99 100 101 103 106 108 111 113 114 116 114 111 110 110 111 114 116 111
97 94 91 88 87 87 88 90 90 90 90 90 90 90 90 90 90 90 90 90 90 90 90 90 92 91 88 87 87 88 91 92 93 94 95 96 97 98 99 100 97 99 101 103 103 101 99 97 97 94 89 83 78 73 70 69 70 68 64 61 59 59 61 62 71 72 75 79 83 87 90 92 92 92 92 92 92 92 92 92 84 83 81 79 77 74 73 72 79 79 80 80 81 81 82 82 90 92 96 99 100 100 98 97 97 97 97 97 97 97 97 97 96 96 95 94 92 91 90 90 90 91 92 93 94 96 97 97 100 101 103 106 108 111 113 114 114 112 110 108 108 110 112 114 111
95 93 90 87 85 86 87 88 90 90 90 90 90 90 90 90 89 89 89 89 89 89 89 89 92 91 88 87 87 88 91 92 93 94 95 96 97 98 99 100 97 99 101 103 103 101 99 97 96 95 92 87 82 76 71 68 68 65 61 57 55 54 55 55 66 68 71 75 79 83 86 87 87 87 87 87 87 87 87 87 81 80 78 75 72 69 67 65 72 73 74 76 79 81 82 83 90 92 96 99 100 100 98 97 97 97 97 97 97 97 97 97 96 96 95 94 92 91 90 90 89 89 90 92 93 94 95 96 100 101 103 106 108 111 113 114 113 111 109 107 107 109 111 113 111
94 92 88 85 84 84 86 87 90 90 90 90 90 90 90 90 87 87 87 87 87 87 87 87 92 91 88 87 87 88 91 92 93 94 95 96 97 98 99 100 97 99 101 103 103 101 99 97 95 95 94 91 85 78 71 67 65 63 59 55 53 53 54 55 62 64 67 71 75 79 82 83 83 83 83 83 83 83 83 83 79 78 75 71 67 64 61 60 66 67 70 73 77 80 83 84 90 92 96 99 100 100 98 97 97 97 97 97 97 97 97 97 96 96 95 94 92 91 90 90 87 88 89 90 92 93 94 94 100 101 103 106 108 111 113 114 111 110 107 105 105 107 110 111 111
93 91 87 84 83 83 85 86 90 90 90 90 90 90 90 90 86 86 86 86 86 86 86 86 92 91 88 87 87 88 91 92 93 94 95 96 97 98 99 100 97 99 101 103 103 101 99 97 95 95 95 93 88 80 72 67 63 60 57 55 54 55 57 58 59 61 64 68 72 76 79 80 80 80 80 80 80 80 80 80 77 76 73 68 64 60 57 55 61 63 66 70 75 80 83 85 90 92 96 99 100 100 98 97 97 97 97 97 97 97 97 97 96 96 95 94 92 91 90 90 86 87 88 89 91 92 93 93 100 101 103 106 108 111 113 114 110 109 106 104 104 106 109 110 111
92 90 87 84 82 83 84 85 90 90 90 90 90 90 90 90 86 86 86 86 86 86 86 86 92 91 88 87 87 88 91 92 93 94 95 96 97 98 99 100 97 99 101 103 103 101 99 97 94 96 96 95 89 81 72 67 61 59 57 55 55 57 60 61 58 59 62 66 70 74 77 78 79 79 79 79 79 79 79 79 77 75 71 67 62 58 54 53 58 60 64 69 74 79 83 85 90 92 96 99 100 100 98 97 97 97 97 97 97 97 97 97 96 96 95 94 92 91 90 90 86 86 87 89 90 91 92 93 100 101 103 106 108 111 113 114 110 108 106 104 104 106 108 110 111
92 91 88 87 87 88 91 92 90 90 90 90 90 90 90 90 86 86 86 86 86 86 86 86 83 83 84 85 87 88 89 89 90 90 91 92 94 95 96 96 99 101 103 104 103 100 97 95 88 89 90 90 88 85 81 78 72 71 69 66 63 61 59 58 62 62 63 65 66 67 68 69 69 69 69 69 69 69 69 69 69 69 69 69 69 69 69 69 60 62 67 72 78 84 88 91 93 94 95 96 97 99 100 100 97 97 97 97 97 97 97 97 97 97 97 97 97 97 97 97 93 93 93 93 93 93 93 93 103 99 96 100 108 115 118 118 110 103 96 94 99 106 110 111 120
92 91 88 87 87 88 91 92 90 90 90 90 90 90 90 90 86 86 86 86 86 86 86 86 83 83 84 85 87 88 89 89 90 90 91 92 94 95 96 96 99 100 102 103 102 99 96 94 87 88 89 89 88 84 81 78 72 71 69 67 64 61 60 58 60 61 62 63 64 66 67 67 67 67 67 67 67 67 67 67 69 69 69 69 69 69 69 69 61 63 68 73 79 84 88 91 93 93 94 95 97 98 99 100 97 97 97 97 97 97 97 97 97 97 97 97 97 97 97 97 93 93 93 93 93 93 93 93 101 100 100 104 109 114 115 114 105 99 92 91 98 110 121 127 116
92 91 88 87 87 88 91 92 90 90 90 90 90 90 90 90 86 86 86 86 86 86 86 86 83 83 84 85 87 88 89 89 90 90 91 92 94 95 96 96 98 99 101 101 99 96 92 90 84 86 87 88 87 84 81 79 73 72 70 68 65 63 61 60 58 58 59 61 62 63 64 65 65 65 65 65 65 65 65 65 69 69 69 69 69 69 69 69 64 66 69 74 80 84 88 90 92 92 93 94 96 97 98 99 97 97 97 97 97 97 97 97 97 97 97 97 97 97 97 97 93 93 93 93 93 93 93 93 99 101 105 109 111 111 110 110 112 109 104 103 108 118 130 138 96
92 91 88 87 87 88 91 92 90 90 90 90 90 90 90 90 86 86 86 86 86 86 86 86 83 83 84 85 87 88 89 89 90 90 91 92 94 95 96 96 97 98 99 99 96 92 88 86 81 83 85 86 86 84 81 79 75 74 72 69 66 64 62 61 57 57 58 59 61 62 63 64 64 64 64 64 64 64 64 64 69 69 69 69 69 69 69 69 67 69 72 76 81 85 88 90 90 91 92 93 94 96 97 97 97 97 97 97 97 97 97 97 97 97 97 97 97 97 97 97 93 93 93 93 93 93 93 93 96 102 110 112 110 108 108 110 106 112 118 120 119 120 123 126 115
92 91 88 87 87 88 91 92 90 90 90 90 90 90 90 90 86 86 86 86 86 86 86 86 83 83 84 85 87 88 89 89 90 90 91 92 94 95 96 96 97 97 97 96 93 88 84 81 78 80 82 85 85 84 81 80 76 75 73 71 68 65 63 62 58 59 60 61 62 64 65 65 65 65 65 65 65 65 65 65 69 69 69 69 69 69 69 69 70 72 74 78 82 85 88 89 89 89 90 92 93 94 95 96 97 97 97 97 97 97 97 97 97 97 97 97 97 97 97 97 93 93 93 93 93 93 93 93 93 102 111 111 106 105 110 117 97 116 139 152 152 146 143 143 191
92 91 88 87 87 88 91 92 90 90 90 90 90 90 90 90 86 86 86 86 86 86 86 86 83 83 84 85 87 88 89 89 90 90 91 92 94 95 96 96 96 96 96 94 90 85 79 76 75 77 80 83 84 83 82 80 77 76 74 72 69 67 65 64 62 62 63 65 66 67 68 69 69 69 69 69 69 69 69 69 69 69 69 69 69 69 69 69 74 75 77 80 83 85 87 89 87 88 89 90 92 93 94 94 97 97 97 97 97 97 97 97 97 97 97 97 97 97 97 97 93 93 93 93 93 93 93 93 92 101 109 106 100 102 116 130 138 165 199 219 221 217 217 219 246
92 91 88 87 87 88 91 92 90 90 90 90 90 90 90 90 86 86 86 86 86 86 86 86 83 83 84 85 87 88 89 89 90 90 91 92 94 95 96 96 95 95 94 92 88 82 76 73 72 75 78 81 83 83 82 81 79 77 76 73 70 68 66 65 66 67 68 69 70 72 73 73 73 73 73 73 73 73 73 73 69 69 69 69 69 69 69 69 76 77 79 81 83 86 87 88 86 87 88 89 91 92 93 93 97 97 97 97 97 97 97 97 97 97 97 97 97 97 97 97 93 93 93 93 93 93 93 93 90 99 105 100 93 101 123 144 204 227 253 255 255 255 255 255 253
92 91 88 87 87 88 91 92 90 90 90 90 90 90 90 90 86 86 86 86 86 86 86 86 83 83 84 85 87 88 89 89 90 90 91 92 94 95 96 96 95 95 94 91 86 80 74 71 71 73 77 81 83 83 82 81 79 78 76 74 71 68 66 65 69 70 71 72 73 75 76 76 76 76 76 76 76 76 76 76 69 69 69 69 69 69 69 69 77 78 80 82 84 86 87 88 86 86 87 89 90 91 92 93 97 97 97 97 97 97 97 97 97 97 97 97 97 97 97 97 93 93 93 93 93 93 93 93 90 98 102 96 89 100 128 153 236 250 255 255 242 236 246 255 252
92 83 76 80 92 99 97 91 90 90 90 90 90 90 90 90 90 90 90 90 90 90 90 90 90 90 90 90 90 90 90 90 83 85 89 92 93 93 91 90 92 94 96 95 90 82 74 68 76 76 76 76 76 76 76 76 77 76 75 73 71 69 68 67 68 69 71 74 77 79 81 82 75 75 75 75 75 75 75 75 76 76 76 76 76 76 76 76 79 80 81 82 83 85 86 86 86 87 88 89 90 92 93 93 93 94 95 96 97 99 100 100 93 94 95 96 97 98 99 100 97 97 97 97 97 97 97 97 94 98 116 119 83 63 124 212 248 251 255 255 255 255 255 255 255
101 89 78 78 85 92 91 87 90 90 90 90 90 90 90 90 90 90 90 90 90 90 90 90 90 90 90 90 90 90 90 90 83 85 89 92 93 93 91 90 94 94 93 90 85 80 75 71 75 75 75 75 75 75 75 75 76 76 74 73 71 70 68 68 69 70 72 75 77 80 82 83 76 76 76 76 76 76 76 76 76 76 76 76 76 76 76 76 79 79 80 81 83 84 85 86 86 86 87 88 90 91 92 93 93 93 94 95 97 98 99 100 93 94 95 96 97 98 99 100 97 97 97 97 97 97 97 97 97 100 114 115 82 67 129 214 248 246 244 244 245 249 253 255 252
118 104 88 79 79 83 86 86 90 90 90 90 90 90 90 90 90 90 90 90 90 90 90 90 90 90 90 90 90 90 90 90 83 85 89 92 93 93 91 90 95 92 88 83 79 77 76 76 74 74 74 74 74 74 74 74 75 74 74 73 71 70 70 69 70 71 73 76 78 81 83 84 77 77 77 77 77 77 77 77 76 76 76 76 76 76 76 76 78 78 79 80 82 83 84 85 85 85 86 87 89 90 91 92 92 92 93 94 96 97 98 99 93 94 95 96 97 98 99 100 97 97 97 97 97 97 97 97 102 102 111 108 81 77 138 216 255 255 253 248 250 255 255 255 253
141 127 106 89 81 82 86 89 90 90 90 90 90 90 90 90 90 90 90 90 90 90 90 90 90 90 90 90 90 90 90 90 83 85 89 92 93 93 91 90 94 90 82 76 73 73 76 78 73 73 73 73 73 73 73 73 73 73 73 72 72 71 71 71 71 72 74 77 80 82 84 85 78 78 78 78 78 78 78 78 76 76 76 76 76 76 76 76 76 77 78 79 80 82 83 83 83 84 85 86 87 89 90 90 90 91 92 93 94 96 97 97 93 94 95 96 97 98 99 100 97 97 97 97 97 97 97 97 104 104 108 102 84 90 149 216 255 255 255 255 255 255 255 255 255
162 150 129 107 91 86 90 95 90 90 90 90 90 90 90 90 90 90 90 90 90 90 90 90 90 90 90 90 90 90 90 90 83 85 89 92 93 93 91 90 89 85 78 73 70 72 75 78 71 71 71 71 71 71 71 71 71 71 71 72 72 73 73 73 73 74 76 78 81 84 86 87 80 80 80 80 80 80 80 80 76 76 76 76 76 76 76 76 75 75 76 78 79 80 81 82 82 82 83 85 86 87 88 89 89 89 90 92 93 94 95 96 93 94 95 96 97 98 99 100 97 97 97 97 97 97 97 97 103 105 106 100 90 105 159 212 224 229 237 242 241 236 228 222 243
172 164 147 123 102 91 93 98 90 90 90 90 90 90 90 90 90 90 90 90 90 90 90 90 90 90 90 90 90 90 90 90 83 85 89 92 93 93 91 90 81 79 76 73 72 72 72 73 70 70 70 70 70 70 70 70 69 70 70 71 73 74 74 75 74 75 77 80 82 85 87 88 81 81 81 81 81 81 81 81 76 76 76 76 76 76 76 76 73 74 75 76 78 79 80 80 80 81 82 83 85 86 87 87 87 88 89 90 92 93 94 94 93 94 95 96 97 98 99 100 97 97 97 97 97 97 97 97 99 104 106 101 100 122 166 205 206 214 226 234 232 223 209 200 216
170 167 155 133 107 92 91 95 90 90 90 90 90 90 90 90 90 90 90 90 90 90 90 90 90 90 90 90 90 90 90 90 83 85 89 92 93 93 91 90 73 74 75 76 75 72 70 68 69 69 69 69 69 69 69 69 68 68 70 71 73 74 76 76 75 76 78 81 83 86 88 89 82 82 82 82 82 82 82 82 76 76 76 76 76 76 76 76 72 73 74 75 77 78 79 79 79 80 81 82 84 85 86 86 86 87 88 89 91 92 93 93 93 94 95 96 97 98 99 100 97 97 97 97 97 97 97 97 93 102 107 104 109 135 171 197 202 207 214 218 216 209 200 194 196
165 166 157 136 109 91 87 91 90 90 90 90 90 90 90 90 90 90 90 90 90 90 90 90 90 90 90 90 90 90 90 90 83 85 89 92 93 93 91 90 68 71 75 78 77 73 68 64 68 68 68 68 68 68 68 68 67 68 69 71 73 75 76 77 76 77 79 81 84 87 89 90 83 83 83 83 83 83 83 83 76 76 76 76 76 76 76 76 72 72 73 75 76 77 78 79 79 79 80 82 83 84 85 86 86 86 87 89 90 91 92 93 93 94 95 96 97 98 99 100 97 97 97 97 97 97 97 97 89 101 107 106 115 142 173 192 188 188 187 186 184 181 179 178 192
161 167 166 150 124 101 90 89 87 88 91 92 92 91 88 87 90 90 91 92 94 95 96 97 93 92 91 90 89 88 87 86 86 89 93 96 95 91 86 82 68 69 70 71 73 74 75 75 79 78 77 76 75 74 73 72 72 73 74 75 76 77 78 79 76 78 81 84 86 85 84 83 75 76 77 78 80 81 82 82 79 78 77 76 75 73 72 72 70 71 73 74 77 78 80 81 76 76 76 76 76 76 76 76 83 83 84 85 87 88 89 90 87 89 92 95 97 96 95 94 93 93 93 93 93 93 93 93 100 102 98 99 121 151 156 143 113 111 106 102 108 131 164 190 191
158 165 168 155 130 106 91 85 87 88 91 92 92 91 88 87 89 90 91 92 93 95 96 96 93 92 91 90 89 88 87 86 86 89 93 95 94 90 84 81 69 69 70 72 73 74 75 76 79 78 77 76 75 74 73 72 72 73 74 75 76 77 78 79 77 80 83 86 88 87 86 84 76 76 77 79 80 81 82 83 79 79 78 77 75 74 73 72 71 72 73 75 76 78 79 80 76 76 76 76 76 76 76 76 82 83 84 85 86 88 89 89 87 89 92 95 97 96 95 94 93 93 93 93 93 93 93 93 100 102 98 99 122 150 154 140 113 112 107 102 106 128 163 190 191
155 163 169 162 140 114 92 80 87 88 91 92 92 91 88 87 88 89 90 91 92 94 95 95 93 92 91 90 89 88 87 86 86 89 93 95 93 88 82 78 70 70 71 73 74 75 76 77 79 78 77 76 75 74 73 72 72 73 74 75 76 77 78 79 80 82 86 88 90 89 88 87 77 77 78 80 81 82 83 84 80 80 79 78 76 75 74 73 73 73 74 75 76 77 78 78 76 76 76 76 76 76 76 76 81 82 83 84 85 87 88 88 87 89 92 95 97 96 95 94 93 93 93 93 93 93 93 93 99 101 99 100 122 149 151 136 111 112 109 103 104 124 160 189 190
152 161 170 168 151 123 94 77 87 88 91 92 92 91 88 87 87 87 88 90 91 92 93 94 93 92 91 90 89 88 87 86 87 89 93 94 91 86 79 75 71 72 73 74 75 77 78 78 79 78 77 76 75 74 73 72 72 73 74 75 76 77 78 79 81 83 87 90 91 90 89 88 78 79 80 81 82 84 85 85 82 81 80 79 78 76 75 75 75 75 75 75 76 76 76 76 76 76 76 76 76 76 76 76 80 80 81 83 84 85 86 87 87 89 92 95 97 96 95 94 93 93 93 93 93 93 93 93 97 101 99 101 122 147 147 131 109 113 112 103 100 119 157 188 188
154 161 170 171 158 131 99 77 87 88 91 92 92 91 88 87 85 86 87 88 89 91 92 92 93 92 91 90 89 88 87 86 87 90 92 93 90 83 76 71 73 73 74 76 77 78 79 80 79 78 77 76 75 74 73 72 72 73 74 75 76 77 78 79 79 82 85 88 89 89 88 86 80 80 81 83 84 85 86 87 83 83 82 80 79 78 77 76 76 76 76 76 75 75 75 75 76 76 76 76 76 76 76 76 78 79 80 81 82 84 85 85 87 89 92 95 97 96 95 94 93 93 93 93 93 93 93 93 95 100 100 102 123 146 143 125 107 114 115 104 96 113 153 188 187
159 162 168 170 162 137 104 80 87 88 91 92 92 91 88 87 84 84 85 87 88 89 90 91 93 92 91 90 89 88 87 86 88 90 92 92 88 81 73 68 74 75 76 77 78 80 81 81 79 78 77 76 75 74 73 72 72 73 74 75 76 77 78 79 76 78 81 84 86 85 84 83 81 82 83 84 85 87 88 88 85 84 83 82 80 79 78 78 78 78 77 76 75 74 73 73 76 76 76 76 76 76 76 76 77 77 78 80 81 82 83 84 87 89 92 95 97 96 95 94 93 93 93 93 93 93 93 93 94 99 100 104 123 144 140 120 105 115 118 105 93 108 149 187 185
164 164 165 167 162 141 109 85 87 88 91 92 92 91 88 87 83 83 84 86 87 88 89 90 93 92 91 90 89 88 87 86 88 90 92 91 87 79 71 66 75 76 77 78 79 81 82 82 79 78 77 76 75 74 73 72 72 73 74 75 76 77 78 79 71 74 77 80 81 81 79 78 82 83 84 85 86 88 89 89 86 85 84 83 81 80 79 79 80 79 78 76 75 73 72 71 76 76 76 76 76 76 76 76 76 76 77 79 80 81 82 83 87 89 92 95 97 96 95 94 93 93 93 93 93 93 93 93 92 99 101 104 123 143 137 116 103 116 120 105 90 103 147 187 184
168 165 163 165 161 142 112 88 87 88 91 92 92 91 88 87 82 83 84 85 87 88 89 89 93 92 91 90 89 88 87 86 88 90 92 91 86 78 70 64 76 76 77 78 80 81 82 83 79 78 77 76 75 74 73 72 72 73 74 75 76 77 78 79 68 71 74 77 78 78 77 75 83 83 84 85 87 88 89 90 86 86 85 83 82 81 80 79 81 80 78 77 74 73 71 70 76 76 76 76 76 76 76 76 75 76 77 78 80 81 82 82 87 89 92 95 97 96 95 94 93 93 93 93 93 93 93 93 92 99 101 105 123 142 135 114 102 116 121 106 89 101 145 186 184
158 166 167 163 166 163 135 101 79 78 81 88 95 96 89 81 86 87 88 89 90 92 93 93 86 86 86 86 86 86 86 86 83 84 86 86 85 82 78 76 75 75 74 73 71 70 69 68 75 75 74 74 73 72 72 71 70 70 70 70 70 70 70 70 65 63 61 59 59 61 63 65 77 77 77 77 77 77 77 77 69 69 70 72 73 74 75 76 85 85 84 83 83 82 82 81 75 76 77 78 79 81 82 82 88 87 85 84 81 80 78 77 86 87 88 89 90 91 92 93 90 90 90 90 90 90 90 90 91 87 91 107 126 135 129 119 113 110 112 113 104 105 136 175 180
158 166 166 162 166 164 137 104 81 79 81 87 94 95 89 81 86 86 87 88 90 91 92 93 86 86 86 86 86 86 86 86 83 84 86 86 85 82 78 76 76 75 74 73 72 70 69 69 71 70 69 68 67 66 66 65 64 64 64 64 64 64 64 64 66 64 62 60 60 62 64 66 65 65 65 65 65 65 65 65 67 68 69 70 71 73 74 74 80 80 80 81 81 82 82 82 79 79 79 80 80 81 81 81 87 86 85 83 82 80 79 78 86 87 88 89 90 91 92 93 90 90 90 90 90 90 90 90 91 87 91 106 126 134 128 118 113 110 112 113 104 104 135 174 182
158 165 165 161 166 166 141 109 84 81 81 86 93 94 88 82 85 85 86 87 89 90 91 92 86 86 86 86 86 86 86 86 83 84 86 86 85 82 78 76 77 76 75 74 73 71 70 70 64 64 62 61 59 58 57 56 57 57 57 57 57 57 57 57 64 62 60 58 58 60 62 64 59 59 59 59 59 59 59 59 64 65 66 67 68 70 71 71 71 72 74 76 78 80 82 82 83 83 82 82 81 80 80 80 85 85 84 83 82 81 80 80 86 87 88 89 90 91 92 93 90 90 90 90 90 90 90 90 91 88 90 105 124 133 126 115 113 110 112 112 102 102 133 172 185
158 164 163 160 166 169 147 116 88 84 81 84 90 92 87 82 83 84 85 86 87 89 90 90 86 86 86 86 86 86 86 86 83 84 86 86 85 82 78 76 78 78 77 75 74 73 72 71 60 59 57 55 53 51 49 48 51 51 51 51 51 51 51 51 57 56 53 51 51 53 56 57 60 60 60 60 60 60 60 60 60 61 62 63 64 66 67 67 63 64 66 70 73 76 79 80 84 83 83 82 80 79 79 78 83 83 83 83 82 82 82 82 86 87 88 89 90 91 92 93 90 90 90 90 90 90 90 90 92 88 90 104 123 130 123 112 114 110 112 111 101 99 130 168 189
157 163 162 158 166 171 152 124 92 86 81 82 87 90 87 82 82 82 83 85 86 87 88 89 86 86 86 86 86 86 86 86 83 84 86 86 85 82 78 76 80 79 78 77 76 74 73 73 61 59 57 54 51 48 46 45 49 49 49 49 49 49 49 49 49 48 45 44 44 45 48 49 56 56 56 56 56 56 56 56 56 56 57 59 60 61 62 63 57 58 61 64 67 71 73 74 79 79 79 78 78 78 78 77 82 82 82 82 83 83 83 83 86 87 88 89 90 91 92 93 90 90 90 90 90 90 90 90 92 88 90 103 121 128 120 109 115 111 111 110 99 97 127 165 193
157 162 160 157 166 174 158 131 96 89 81 81 85 88 86 82 80 81 82 83 85 86 87 87 86 86 86 86 86 86 86 86 83 84 86 86 85 82 78 76 81 81 80 78 77 76 75 74 66 64 62 58 54 51 48 46 53 53 53 53 53 53 53 53 47 46 43 41 41 43 46 47 46 46 46 46 46 46 46 46 52 52 53 55 56 57 58 59 55 55 57 59 61 63 65 66 69 70 71 72 74 75 77 77 80 80 81 82 83 84 85 85 86 87 88 89 90 91 92 93 90 90 90 90 90 90 90 90 93 88 89 102 119 125 117 105 115 111 111 109 97 94 124 162 197
157 161 159 156 166 176 162 137 99 91 82 79 83 86 85 82 79 80 81 82 84 85 86 86 86 86 86 86 86 86 86 86 83 84 86 86 85 82 78 76 82 82 81 79 78 77 76 75 73 71 68 64 60 55 52 51 58 58 58 58 58 58 58 58 52 50 48 46 46 48 50 52 46 46 46 46 46 46 46 46 49 49 50 52 53 54 55 56 55 55 55 56 56 57 57 57 58 59 62 66 70 73 76 78 78 79 80 82 83 85 86 87 86 87 88 89 90 91 92 93 90 90 90 90 90 90 90 90 93 88 89 102 118 123 114 103 115 111 111 108 96 93 122 159 200
157 161 158 155 166 177 164 140 101 92 82 79 82 86 85 82 79 79 80 82 83 84 85 86 86 86 86 86 86 86 86 86 83 84 86 86 85 82 78 76 83 82 81 80 78 77 76 76 78 76 73 68 64 59 56 54 63 63 63 63 63 63 63 63 58 56 54 52 52 54 56 58 55 55 55 55 55 55 55 55 47 48 49 50 51 53 54 54 56 55 55 54 54 53 52 52 50 52 56 61 67 72 76 78 77 78 80 81 84 85 87 88 86 87 88 89 90 91 92 93 90 90 90 90 90 90 90 90 93 89 89 101 117 122 113 102 116 111 111 108 95 92 120 158 202
156 157 158 159 160 161 162 163 124 96 78 83 89 83 79 83 79 79 79 79 79 79 79 79 83 83 83 83 83 83 83 83 80 81 82 83 81 78 75 73 79 79 79 79 79 79 79 79 72 71 70 69 68 66 65 65 64 64 64 64 64 64 64 64 61 61 61 61 61 61 61 61 61 61 61 61 61 61 61 61 60 58 56 54 54 56 58 60 64 64 64 64 64 64 64 64 67 68 71 74 77 80 83 84 78 77 76 75 77 80 83 85 86 87 88 89 90 92 93 93 90 90 90 90 90 90 90 90 94 97 102 108 112 114 115 114 96 115 106 100 109 95 105 159 202
156 157 158 159 160 161 162 163 126 97 78 82 88 82 79 83 79 79 79 79 79 79 79 79 82 82 82 82 82 82 82 82 80 81 82 83 81 78 75 73 79 79 79 79 79 79 79 79 72 72 71 70 68 67 66 65 67 67 67 67 67 67 67 67 64 64 64 64 64 64 64 64 64 64 64 64 64 64 64 64 64 62 59 58 58 59 62 64 67 67 67 67 67 67 67 67 68 69 72 74 77 80 82 84 78 77 76 75 77 80 83 85 86 86 87 88 90 91 92 93 90 90 90 90 90 90 90 90 94 97 102 108 112 114 115 114 97 116 106 100 109 95 104 158 202
156 157 158 159 160 161 162 163 129 99 78 81 86 81 79 84 79 79 79 79 79 79 79 79 81 81 81 81 81 81 81 81 80 81 82 83 81 78 75 73 78 78 78 78 78 78 78 78 73 73 72 71 69 68 67 66 70 70 70 70 70 70 70 70 70 70 70 70 70 70 70 70 70 70 70 70 70 70 70 70 69 67 65 63 63 65 67 69 72 72 72 72 72 72 72 72 71 72 73 76 78 81 82 83 78 77 76 75 77 80 83 85 85 85 86 87 89 90 91 92 90 90 90 90 90 90 90 90 94 97 102 108 112 114 115 114 99 117 107 100 108 94 103 157 202
156 157 158 159 160 161 162 163 133 102 78 79 84 79 78 84 79 79 79 79 79 79 79 79 80 80 80 80 80 80 80 80 80 81 82 83 81 78 75 73 76 76 76 76 76 76 76 76 75 74 73 72 71 69 68 68 73 73 73 73 73 73 73 73 75 75 75 75 75 75 75 75 75 75 75 75 75 75 75 75 74 72 70 68 68 70 72 74 75 75 75 75 75 75 75 75 74 74 76 77 79 81 82 83 78 77 76 75 77 80 83 85 83 84 85 86 87 89 90 90 90 90 90 90 90 90 90 90 94 97 102 108 112 114 115 114 100 118 108 100 108 93 102 155 202
156 157 158 159 160 161 162 163 137 104 78 77 81 77 77 84 79 79 79 79 79 79 79 79 78 78 78 78 78 78 78 78 80 81 82 83 81 78 75 73 75 75 75 75 75 75 75 75 76 76 75 73 72 71 70 69 73 73 73 73 73 73 73 73 78 78 78 78 78 78 78 78 78 78 78 78 78 78 78 78 77 75 73 71 71 73 75 77 77 77 77 77 77 77 77 77 77 78 78 79 80 81 82 82 78 77 76 75 77 80 83 85 82 82 83 85 86 87 88 89 90 90 90 90 90 90 90 90 94 97 102 108 112 114 115 114 102 120 109 101 107 92 100 153 202
156 157 158 159 160 161 162 163 141 107 78 75 78 75 76 84 79 79 79 79 79 79 79 79 77 77 77 77 77 77 77 77 80 81 82 83 81 78 75 73 73 73 73 73 73 73 73 73 78 77 76 75 73 72 71 71 70 70 70 70 70 70 70 70 78 78 78 78 78 78 78 78 78 78 78 78 78 78 78 78 77 76 73 71 71 73 76 77 76 76 76 76 76 76 76 76 80 81 81 81 81 81 82 82 78 77 76 75 77 80 83 85 80 81 82 83 85 86 87 87 90 90 90 90 90 90 90 90 94 97 102 108 112 114 115 114 104 122 110 101 107 90 98 151 202
156 157 158 159 160 161 162 163 144 109 79 74 77 73 76 85 79 79 79 79 79 79 79 79 76 76 76 76 76 76 76 76 80 81 82 83 81 78 75 73 72 72 72 72 72 72 72 72 79 78 77 76 74 73 72 72 67 67 67 67 67 67 67 67 76 76 76 76 76 76 76 76 76 76 76 76 76 76 76 76 76 74 72 70 70 72 74 76 73 73 73 73 73 73 73 73 83 83 83 82 82 82 81 81 78 77 76 75 77 80 83 85 79 80 81 82 84 85 86 86 90 90 90 90 90 90 90 90 94 97 102 108 112 114 115 114 106 123 111 101 107 90 97 150 202
156 157 158 159 160 161 162 163 146 110 79 73 76 73 75 85 79 79 79 79 79 79 79 79 75 75 75 75 75 75 75 75 80 81 82 83 81 78 75 73 72 72 72 72 72 72 72 72 79 79 78 76 75 74 73 72 64 64 64 64 64 64 64 64 75 75 75 75 75 75 75 75 75 75 75 75 75 75 75 75 75 73 70 69 69 70 73 75 72 72 72 72 72 72 72 72 84 84 84 83 82 82 81 81 78 77 76 75 77 80 83 85 79 79 80 82 83 84 85 86 90 90 90 90 90 90 90 90 94 97 102 108 112 114 115 114 106 124 111 102 107 89 96 149 202
160 160 160 160 160 160 160 160 138 105 78 76 77 70 68 73 79 79 79 79 79 79 79 79 76 76 76 76 76 76 76 76 78 79 80 79 77 74 70 67 72 72 72 72 72 72 72 72 76 76 76 76 76 76 76 76 68 68 67 66 64 63 62 61 68 69 70 72 74 76 77 78 69 69 69 69 69 69 69 69 70 70 70 69 68 68 67 67 69 69 70 71 73 74 75 75 79 79 79 79 79 79 79 79 76 76 77 78 80 81 82 82 79 80 81 82 83 84 85 86 88 79 81 91 90 80 83 96 90 112 126 126 130 144 147 139 151 153 153 148 140 138 142 148 202
160 160 160 160 160 160 160 160 139 106 79 76 78 71 68 74 79 79 79 79 79 79 79 79 76 76 76 76 76 76 76 76 77 78 79 79 78 74 71 68 72 72 72 72 72 72 72 72 75 75 75 75 75 75 75 75 69 68 67 66 65 63 62 62 65 66 67 69 70 72 73 74 68 68 68 68 68 68 68 68 69 69 69 68 68 68 67 67 69 69 70 71 73 74 75 75 79 79 79 79 79 79 79 79 76 76 77 78 80 81 82 82 79 80 81 82 83 84 85 86 88 80 83 92 89 78 80 93 128 163 195 206 212 224 226 219 217 219 217 208 198 193 196 201 204
160 160 160 160 160 160 160 160 140 107 80 77 79 72 70 75 78 78 78 78 78 78 78 78 76 76 76 76 76 76 76 76 75 77 78 79 78 75 72 70 72 72 72 72 72 72 72 72 74 74 74 74 74 74 74 74 70 69 68 67 66 64 63 63 61 62 62 63 65 66 66 67 66 66 66 66 66 66 66 66 66 67 67 67 67 67 68 68 69 69 70 71 73 74 75 75 78 78 78 78 78 78 78 78 76 76 77 78 80 81 82 82 79 80 81 82 83 84 85 86 87 82 86 94 88 74 78 93 155 202 246 255 255 255 255 255 253 253 248 236 222 213 213 216 203
160 160 160 160 160 160 160 160 141 108 81 79 80 73 71 76 76 76 76 76 76 76 76 76 76 76 76 76 76 76 76 76 74 75 77 79 78 76 73 72 72 72 72 72 72 72 72 72 73 73 73 73 73 73 73 73 71 71 70 68 67 66 65 64 58 58 58 59 59 59 60 60 63 63 63 63 63 63 63 63 63 64 64 65 66 67 68 68 69 69 70 71 73 74 75 75 76 76 76 76 76 76 76 76 76 76 77 78 80 81 82 82 79 80 81 82 83 84 85 86 86 82 87 94 86 73 82 103 182 225 255 255 252 249 248 244 251 250 243 228 211 199 197 199 197
160 160 160 160 160 160 160 160 143 110 83 80 82 75 72 78 75 75 75 75 75 75 75 75 76 76 76 76 76 76 76 76 72 73 76 78 79 77 75 74 72 72 72 72 72 72 72 72 71 71 71 71 71 71 71 71 73 72 71 70 69 67 66 66 57 57 57 56 56 55 55 55 60 60 60 60 60 60 60 60 60 60 62 63 65 67 68 69 69 69 70 71 73 74 75 75 75 75 75 75 75 75 75 75 76 76 77 78 80 81 82 82 79 80 81 82 83 84 85 86 84 82 87 91 83 77 97 127 216 245 255 255 243 246 252 252 255 255 247 232 213 201 198 200 191
160 160 160 160 160 160 160 160 144 111 84 82 83 76 74 79 73 73 73 73 73 73 73 73 76 76 76 76 76 76 76 76 70 72 75 78 79 78 77 75 72 72 72 72 72 72 72 72 70 70 70 70 70 70 70 70 74 74 73 71 70 69 68 67 59 58 57 56 55 54 53 53 57 57 57 57 57 57 57 57 57 58 59 62 64 67 68 69 69 69 70 71 73 74 75 75 73 73 73 73 73 73 73 73 76 76 77 78 80 81 82 82 79 80 81 82 83 84 85 86 82 80 83 87 81 85 120 161 219 235 241 233 235 253 255 255 255 255 248 234 218 207 205 208 190
160 160 160 160 160 160 160 160 145 112 85 83 84 77 75 80 72 72 72 72 72 72 72 72 76 76 76 76 76 76 76 76 68 71 74 78 79 79 78 77 72 72 72 72 72 72 72 72 69 69 69 69 69 69 69 69 75 75 74 72 71 70 69 68 61 61 59 58 56 55 53 53 55 55 55 55 55 55 55 55 54 55 58 60 63 66 68 70 69 69 70 71 73 74 75 75 72 72 72 72 72 72 72 72 76 76 77 78 80 81 82 82 79 80 81 82 83 84 85 86 81 77 79 82 80 94 144 195 208 213 212 211 229 255 255 252 247 247 243 231 218 210 210 214 196
160 160 160 160 160 160 160 160 146 113 86 83 85 78 75 81 72 72 72 72 72 72 72 72 76 76 76 76 76 76 76 76 67 70 74 77 79 80 79 78 72 72 72 72 72 72 72 72 68 68 68 68 68 68 68 68 76 75 74 73 71 70 69 69 63 63 61 59 57 55 54 53 54 54 54 54 54 54 54 54 53 54 57 60 63 66 69 70 69 69 70 71 73 74 75 75 72 72 72 72 72 72 72 72 76 76 77 78 80 81 82 82 79 80 81 82 83 84 85 86 80 76 76 78 79 100 158 216 213 213 208 212 236 255 255 238 250 251 248 238 227 221 223 227 202
160 160 160 160 160 160 160 160 144 121 94 81 82 86 84 79 70 71 71 72 72 73 73 74 76 76 77 78 80 81 82 83 79 79 78 76 75 74 73 72 69 69 70 71 73 74 75 75 71 70 69 68 70 73 76 78 76 76 76 76 76 76 76 76 71 71 70 69 67 66 65 64 65 65 65 65 65 65 65 65 69 69 70 71 73 74 75 75 68 68 68 68 68 68 68 68 76 76 76 76 76 76 76 76 76 76 77 78 80 81 82 82 79 80 81 82 83 84 85 86 94 99 87 73 93 139 168 169 197 178 165 182 218 248 255 250 254 254 254 254 254 254 254 254 216
160 160 160 160 160 160 160 160 144 121 94 81 82 86 84 79 71 71 72 72 72 72 73 73 75 76 77 78 79 81 82 82 79 78 77 76 74 73 72 72 69 69 70 71 73 74 75 75 71 70 69 68 70 73 76 78 76 76 76 76 76 76 76 76 74 73 72 71 70 68 67 67 65 65 65 65 65 65 65 65 69 69 70 71 73 74 75 75 69 69 69 69 69 69 69 69 76 76 76 76 76 76 76 76 76 76 77 78 80 81 82 82 79 80 81 82 83 84 85 86 75 87 89 86 107 146 167 165 168 161 163 183 215 240 248 246 254 254 254 254 254 254 254 254 251
160 160 160 160 160 160 160 160 144 121 94 81 82 86 84 79 73 73 72 72 72 72 71 71 74 75 76 77 78 80 81 81 78 77 76 75 73 72 71 71 69 69 70 71 73 74 75 75 71 70 69 68 70 73 76 78 76 76 76 76 76 76 76 76 77 77 76 74 73 72 71 70 66 66 66 66 66 66 66 66 69 69 70 71 73 74 75 75 70 70 70 70 70 70 70 70 76 76 76 76 76 76 76 76 76 76 77 78 80 81 82 82 79 80 81 82 83 84 85 86 66 83 98 107 126 151 163 160 148 160 180 204 225 240 247 250 254 254 254 254 254 254 254 254 255
160 160 160 160 160 160 160 160 144 121 94 81 82 86 84 79 74 74 73 72 72 71 70 70 73 73 74 76 77 78 79 80 76 76 75 73 72 71 70 69 69 69 70 71 73 74 75 75 71 70 69 68 70 73 76 78 76 76 76 76 76 76 76 76 80 79 78 77 75 74 73 73 68 68 68 68 68 68 68 68 69 69 70 71 73 74 75 75 71 71 71 71 71 71 71 71 76 76 76 76 76 76 76 76 76 76 77 78 80 81 82 82 79 80 81 82 83 84 85 86 78 93 110 121 131 141 148 149 160 185 217 239 246 249 253 255 254 254 254 254 254 254 254 254 251
160 160 160 160 160 160 160 160 144 121 94 81 82 86 84 79 76 76 75 73 71 69 68 68 71 72 73 74 75 77 78 78 75 74 73 72 71 69 68 68 69 69 70 71 73 74 75 75 71 70 69 68 70 73 76 78 76 76 76 76 76 76 76 76 80 79 78 77 75 74 73 73 69 69 69 69 69 69 69 69 69 69 70 71 73 74 75 75 73 73 73 73 73 73 73 73 76 76 76 76 76 76 76 76 76 76 77 78 80 81 82 82 79 80 81 82 83 84 85 86 89 98 113 124 124 122 128 137 189 215 247 255 255 251 251 255 254 254 254 254 254 254 254 254 255
160 160 160 160 160 160 160 160 144 121 94 81 82 86 84 79 78 77 76 73 71 68 67 66 70 70 71 73 74 75 76 77 73 73 72 71 69 68 67 66 69 69 70 71 73 74 75 75 71 70 69 68 70 73 76 78 76 76 76 76 76 76 76 76 77 77 76 74 73 72 71 70 71 71 71 71 71 71 71 71 69 69 70 71 73 74 75 75 74 74 74 74 74 74 74 74 76 76 76 76 76 76 76 76 76 76 77 78 80 81 82 82 79 80 81 82 83 84 85 86 85 95 118 137 136 126 132 148 215 233 254 255 255 246 244 246 254 254 254 254 254 254 254 254 255
160 160 160 160 160 160 160 160 144 121 94 81 82 86 84 79 80 79 76 74 70 68 65 64 69 69 70 72 73 74 75 76 72 72 71 70 68 67 66 65 69 69 70 71 73 74 75 75 71 70 69 68 70 73 76 78 76 76 76 76 76 76 76 76 74 73 72 71 70 68 67 67 72 72 72 72 72 72 72 72 69 69 70 71 73 74 75 75 75 75 75 75 75 75 75 75 76 76 76 76 76 76 76 76 76 76 77 78 80 81 82 82 79 80 81 82 83 84 85 86 77 97 140 180 187 172 176 196 237 244 252 255 253 249 247 247 254 254 254 254 254 254 254 254 251
160 160 160 160 160 160 160 160 144 121 94 81 82 86 84 79 81 79 77 74 70 67 65 63 68 69 70 71 73 74 75 75 72 71 70 69 68 66 65 65 69 69 70 71 73 74 75 75 71 70 69 68 70 73 76 78 76 76 76 76 76 76 76 76 71 71 70 69 67 66 65 64 72 72 72 72 72 72 72 72 69 69 70 71 73 74 75 75 76 76 76 76 76 76 76 76 76 76 76 76 76 76 76 76 76 76 77 78 80 81 82 82 79 80 81 82 83 84 85 86 75 105 166 225 240 224 226 246 254 252 252 253 255 255 255 255 254 254 254 254 254 254 254 254 255
156 156 156 156 156 156 156 156 146 115 92 92 95 88 84 88 110 91 69 64 73 82 82 77 82 95 95 74 57 60 73 81 69 69 69 69 69 69 69 69 65 66 67 68 69 71 72 72 72 73 74 75 76 78 79 79 76 76 76 76 76 76 76 76 72 73 74 75 76 77 78 79 76 76 76 76 76 76 76 76 72 72 72 72 72 72 72 72 72 72 72 72 72 72 72 72 69 69 69 69 69 69 69 69 72 73 74 75 76 78 79 79 79 80 81 82 83 84 85 86 71 125 195 240 253 253 255 255 255 255 254 252 249 247 245 244 255 253 247 247 250 252 248 243 255
156 156 156 156 156 156 156 156 146 115 92 92 95 88 84 88 78 83 88 89 85 81 79 79 138 154 130 73 49 69 80 66 68 68 68 68 68 68 68 68 65 65 66 67 69 70 71 72 72 72 73 74 76 77 78 79 75 75 75 75 75 75 75 75 72 73 74 75 76 77 78 79 76 76 76 76 76 76 76 76 72 72 72 72 72 72 72 72 72 72 72 72 72 72 72 72 69 69 69 69 69 69 69 69 72 72 73 74 76 77 78 79 79 80 81 82 83 84 85 86 63 121 196 244 255 247 241 241 252 253 254 255 255 255 255 255 242 240 241 249 255 255 255 255 255
156 156 156 156 156 156 156 156 146 115 92 92 95 88 84 88 67 82 95 94 85 84 99 114 172 182 146 77 53 78 83 57 67 67 67 67 67 67 67 67 64 64 65 66 68 69 70 71 71 71 72 73 75 76 77 78 74 74 74 74 74 74 74 74 72 73 74 75 76 77 78 79 76 76 76 76 76 76 76 76 72 72 72 72 72 72 72 72 72 72 72 72 72 72 72 72 69 69 69 69 69 69 69 69 71 71 72 73 75 76 77 78 79 80 81 82 83 84 85 86 52 112 194 252 255 255 251 246 254 254 254 255 255 255 255 255 252 246 240 242 247 251 249 245 248
156 156 156 156 156 156 156 156 146 115 92 92 95 88 84 88 89 87 83 78 83 105 139 165 150 143 124 100 85 80 74 64 66 66 66 66 66 66 66 66 62 63 64 65 66 68 69 69 69 70 71 72 73 75 76 76 73 73 73 73 73 73 73 73 72 73 74 75 76 77 78 79 76 76 76 76 76 76 76 76 72 72 72 72 72 72 72 72 72 72 72 72 72 72 72 72 69 69 69 69 69 69 69 69 69 70 71 72 73 75 76 76 79 80 81 82 83 84 85 86 47 102 178 237 255 255 255 253 255 255 255 255 254 249 245 243 255 247 236 234 244 255 255 255 255
156 156 156 156 156 156 156 156 146 115 92 92 95 88 84 88 97 86 80 89 115 144 164 173 118 97 108 139 128 76 54 71 64 64 64 64 64 64 64 64 61 61 62 64 65 66 67 68 68 68 69 71 72 73 74 75 71 71 71 71 71 71 71 71 72 73 74 75 76 77 78 79 76 76 76 76 76 76 76 76 72 72 72 72 72 72 72 72 72 72 72 72 72 72 72 72 69 69 69 69 69 69 69 69 68 68 69 71 72 73 74 75 79 80 81 82 83 84 85 86 57 94 144 181 195 194 190 188 166 164 161 157 152 148 145 144 143 133 126 135 163 199 230 247 248
156 156 156 156 156 156 156 156 146 115 92 92 95 88 84 88 81 84 101 131 161 170 155 137 108 101 126 158 135 72 47 67 63 63 63 63 63 63 63 63 59 60 61 62 64 65 66 66 66 67 68 69 71 72 73 73 70 70 70 70 70 70 70 70 72 73 74 75 76 77 78 79 76 76 76 76 76 76 76 76 72 72 72 72 72 72 72 72 72 72 72 72 72 72 72 72 69 69 69 69 69 69 69 69 66 67 68 69 71 72 73 73 79 80 81 82 83 84 85 86 75 94 117 131 131 122 113 109 88 90 92 94 97 100 102 103 111 101 94 102 126 157 183 196 178
156 156 156 156 156 156 156 156 146 115 92 92 95 88 84 88 78 98 128 156 166 155 130 111 96 135 154 127 89 71 65 58 62 62 62 62 62 62 62 62 58 59 60 61 63 64 65 65 65 66 67 68 70 71 72 72 69 69 69 69 69 69 69 69 72 73 74 75 76 77 78 79 76 76 76 76 76 76 76 76 72 72 72 72 72 72 72 72 72 72 72 72 72 72 72 72 69 69 69 69 69 69 69 69 65 66 67 68 70 71 72 72 79 80 81 82 83 84 85 86 87 103 125 142 149 146 141 138 179 181 184 189 195 199 203 205 224 218 214 217 226 232 233 230 169
156 156 156 156 156 156 156 156 146 115 92 92 95 88 84 88 94 118 144 152 140 123 114 113 77 159 168 80 35 73 89 54 61 61 61 61 61 61 61 61 58 58 59 61 62 63 64 65 65 65 66 68 69 70 71 72 68 68 68 68 68 68 68 68 72 73 74 75 76 77 78 79 76 76 76 76 76 76 76 76 72 72 72 72 72 72 72 72 72 72 72 72 72 72 72 72 69 69 69 69 69 69 69 69 65 65 66 68 69 70 71 72 79 80 81 82 83 84 85 86 89 113 150 186 212 225 229 230 231 232 233 234 235 237 238 238 231 235 244 255 255 255 250 239 251
153 153 153 153 153 153 153 153 139 120 105 100 91 86 102 127 114 145 166 146 102 78 93 120 133 120 99 79 66 63 66 70 65 64 63 62 61 60 59 58 57 57 59 61 63 65 66 67 62 64 68 71 72 72 70 69 72 72 72 72 72 72 72 72 69 69 70 71 73 74 75 76 76 76 76 76 76 76 76 76 72 72 72 72 72 72 72 72 72 72 72 72 72 72 72 72 65 65 65 65 65 65 65 65 65 66 68 71 73 76 78 79 83 83 84 85 87 88 89 89 77 118 172 209 221 222 227 234 220 221 223 226 229 232 234 236 207 214 226 239 249 254 255 255 250
153 153 153 153 153 153 153 153 132 115 103 100 96 98 123 154 158 143 124 110 108 117 132 141 109 100 86 73 65 64 67 70 65 64 63 62 61 60 59 58 57 57 59 60 62 64 65 65 62 64 67 70 72 71 70 69 72 72 72 72 72 72 72 72 68 69 70 71 72 74 75 75 75 75 75 75 75 75 75 75 72 72 72 72 72 72 72 72 72 72 72 72 72 72 72 72 65 65 65 65 65 65 65 65 65 66 68 71 73 76 78 79 83 83 84 85 87 88 89 89 82 125 182 223 237 237 238 240 224 224 224 224 223 223 223 223 250 249 245 238 227 215 203 196 193
153 153 153 153 153 153 153 153 129 109 97 104 114 125 149 175 167 127 91 94 129 154 146 127 82 79 74 69 67 66 67 68 65 64 63 62 61 60 59 58 57 58 58 59 61 62 62 63 61 63 66 69 71 70 69 68 71 71 71 71 71 71 71 71 67 68 69 70 71 73 74 74 74 74 74 74 74 74 74 74 71 71 71 71 71 71 71 71 71 71 71 71 71 71 71 71 64 64 64 64 64 64 64 64 65 66 68 71 73 76 78 79 83 83 84 85 87 88 89 89 96 133 181 213 220 213 205 202 218 217 215 212 209 206 204 203 176 171 160 145 126 107 91 82 61
153 153 153 153 153 153 153 153 136 106 92 114 145 157 160 162 130 113 104 122 147 147 115 80 71 72 72 72 71 69 66 65 65 64 63 62 61 60 59 58 58 58 58 59 59 59 60 60 59 62 65 68 69 69 67 66 69 69 69 69 69 69 69 69 66 66 67 69 70 71 72 73 73 73 73 73 73 73 73 73 69 69 69 69 69 69 69 69 69 69 69 69 69 69 69 69 62 62 62 62 62 62 62 62 65 66 68 71 73 76 78 79 83 83 84 85 87 88 89 89 92 110 131 139 132 117 106 102 44 43 41 39 36 34 32 31 53 52 49 46 41 36 32 29 41
153 153 153 153 153 153 153 153 148 110 93 127 169 176 152 130 114 129 145 148 132 106 82 68 76 78 79 79 76 71 65 62 65 64 63 62 61 60 59 58 58 58 58 57 57 57 56 56 58 60 64 67 68 67 66 65 68 68 68 68 68 68 68 68 64 65 66 67 68 70 71 71 71 71 71 71 71 71 71 71 68 68 68 68 68 68 68 68 68 68 68 68 68 68 68 68 61 61 61 61 61 61 61 61 65 66 68 71 73 76 78 79 83 83 84 85 87 88 89 89 79 77 71 58 44 34 30 31 63 63 63 63 63 63 62 62 35 37 40 45 51 57 62 65 65
153 153 153 153 153 153 153 153 152 121 109 137 167 163 136 116 141 156 162 137 97 72 77 93 83 83 83 81 77 72 67 64 65 64 63 62 61 60 59 58 59 58 58 57 55 54 54 53 57 59 62 65 67 66 65 63 66 66 66 66 66 66 66 66 63 63 64 66 67 68 69 70 70 70 70 70 70 70 70 70 66 66 66 66 66 66 66 66 66 66 66 66 66 66 66 66 59 59 59 59 59 59 59 59 65 66 68 71 73 76 78 79 83 83 84 85 87 88 89 89 99 87 68 51 42 44 51 58 62 62 62 62 63 63 63 63 70 69 67 65 66 69 72 74 55
153 153 153 153 153 153 153 153 144 133 132 141 138 125 124 135 158 152 134 106 81 73 83 96 81 80 78 75 73 72 71 70 65 64 63 62 61 60 59 58 59 59 57 56 54 52 51 51 55 58 61 64 66 65 64 62 65 65 65 65 65 65 65 65 62 62 63 65 66 67 68 69 69 69 69 69 69 69 69 69 65 65 65 65 65 65 65 65 65 65 65 65 65 65 65 65 58 58 58 58 58 58 58 58 65 66 68 71 73 76 78 79 83 83 84 85 87 88 89 89 120 106 88 75 73 80 89 95 74 73 71 69 66 64 62 61 76 71 65 58 54 54 55 56 75
153 153 153 153 153 153 153 153 133 141 150 141 109 91 118 161 149 126 99 86 88 89 81 71 75 73 71 69 69 71 74 76 65 64 63 62 61 60 59 58 59 59 57 55 53 51 50 49 55 57 61 64 65 65 63 62 65 65 65 65 65 65 65 65 61 62 63 64 66 67 68 68 68 68 68 68 68 68 68 68 65 65 65 65 65 65 65 65 65 65 65 65 65 65 65 65 58 58 58 58 58 58 58 58 65 66 68 71 73 76 78 79 83 83 84 85 87 88 89 89 108 96 80 70 70 74 78 80 90 88 84 79 73 67 63 61 72 69 64 60 59 62 66 69 61
152 150 152 160 167 162 146 131 147 122 99 102 127 148 149 141 99 97 95 92 88 85 83 82 79 78 77 76 75 73 72 72 68 68 67 66 64 63 62 61 61 61 60 59 57 56 55 54 49 50 52 53 56 57 59 60 54 54 56 58 60 62 63 64 66 66 66 66 66 66 66 66 66 66 66 66 66 66 66 66 62 62 62 62 62 62 62 62 47 48 49 50 52 53 54 54 58 58 59 61 62 63 64 65 69 70 72 74 77 79 81 82 77 79 81 84 88 91 93 95 103 111 97 69 66 90 105 101 110 101 86 73 64 61 63 65 58 63 67 68 67 70 80 88 95
147 155 158 149 134 129 138 149 152 128 106 106 124 136 131 119 95 94 92 89 86 83 81 80 79 79 78 77 75 74 73 72 69 68 67 66 65 63 62 62 62 61 60 59 58 56 55 55 52 53 53 54 55 56 56 57 51 52 53 55 57 58 59 60 62 62 62 62 62 62 62 62 63 63 63 63 63 63 63 63 59 59 59 59 59 59 59 59 48 48 49 51 52 53 54 55 58 59 60 61 63 64 65 65 69 70 72 74 77 79 81 82 80 81 83 85 87 89 91 92 108 135 149 138 135 152 167 169 184 170 143 108 80 69 75 84 116 127 142 153 162 171 184 193 189
142 158 162 138 106 102 135 171 130 112 96 99 114 121 111 98 91 90 88 86 83 81 79 78 80 80 79 78 76 75 74 73 70 69 68 67 66 64 63 63 63 62 61 60 59 57 56 56 57 56 56 55 54 53 53 52 49 49 50 51 52 53 54 54 57 57 57 57 57 57 57 57 58 58 58 58 58 58 58 58 55 55 55 55 55 55 55 55 49 49 50 52 53 54 55 56 59 60 61 62 64 65 66 66 69 70 72 74 77 79 81 82 85 85 85 86 86 87 87 87 94 149 201 217 213 219 232 241 249 230 189 134 87 74 93 117 147 164 186 205 217 226 235 242 221
141 156 160 140 113 111 143 177 92 83 78 86 102 109 101 89 86 86 84 83 81 79 78 77 82 81 80 79 78 76 75 75 71 71 70 68 67 66 65 64 64 64 63 61 60 59 58 57 60 59 57 56 53 52 50 49 47 47 47 47 48 48 49 49 52 52 52 52 52 52 52 52 55 55 55 55 55 55 55 55 51 51 51 51 51 51 51 51 50 51 52 53 54 56 57 57 61 61 62 64 65 66 67 68 69 70 72 74 77 79 81 82 88 87 87 86 86 85 85 84 63 133 214 253 254 248 255 255 255 241 193 126 74 68 105 144 148 166 189 205 210 211 211 212 203
144 150 154 151 145 144 151 158 87 82 81 89 100 103 95 85 84 84 83 82 81 81 80 79 83 83 82 80 79 78 77 76 73 72 71 70 69 67 66 66 66 65 64 63 62 60 59 59 60 59 57 56 53 52 50 49 47 47 47 46 46 46 45 45 49 49 49 49 49 49 49 49 53 53 53 53 53 53 53 53 50 50 50 50 50 50 50 50 52 52 53 55 56 57 58 59 62 63 64 65 66 68 69 69 69 70 72 74 77 79 81 82 88 87 87 86 86 85 85 84 44 106 190 248 255 251 252 255 255 236 180 109 58 58 103 148 155 173 195 208 210 205 201 199 211
147 145 148 158 165 159 140 123 109 104 100 100 102 99 90 81 85 85 85 84 84 84 84 84 85 84 83 82 80 79 78 78 74 74 73 71 70 69 68 67 67 67 66 64 63 62 61 60 57 56 56 55 54 53 53 52 50 50 49 48 47 46 45 44 49 49 49 49 49 49 49 49 54 54 54 54 54 54 54 54 51 51 51 51 51 51 51 51 53 54 55 56 57 59 60 60 64 64 65 66 68 69 70 71 69 70 72 74 77 79 81 82 85 85 85 86 86 87 87 87 51 86 152 220 255 255 249 252 255 238 175 103 56 56 96 134 157 174 197 212 215 213 212 212 212
146 145 148 155 156 140 111 87 110 105 100 96 95 93 88 84 87 87 87 88 88 88 88 89 86 85 84 83 81 80 79 79 75 75 74 72 71 70 69 68 68 68 67 65 64 63 62 61 52 53 53 54 55 56 56 57 54 53 52 50 49 47 46 45 50 50 50 50 50 50 50 50 57 57 57 57 57 57 57 57 53 53 53 53 53 53 53 53 54 55 56 57 58 60 61 61 65 65 66 67 69 70 71 72 69 70 72 74 77 79 81 82 80 81 83 85 87 89 91 92 69 70 109 185 246 255 254 249 255 231 165 100 63 66 97 125 160 175 195 208 212 211 213 215 204
144 146 150 148 136 113 85 65 89 85 82 81 84 87 89 89 88 89 89 90 90 91 91 92 86 86 85 83 82 81 80 79 76 75 74 73 71 70 69 69 69 68 67 66 64 63 62 62 49 50 52 53 56 57 59 60 57 56 54 52 50 49 47 46 51 51 51 51 51 51 51 51 58 58 58 58 58 58 58 58 55 55 55 55 55 55 55 55 55 55 56 57 59 60 61 62 65 66 67 68 69 71 72 72 69 70 72 74 77 79 81 82 77 79 81 84 88 91 93 95 80 58 78 158 237 255 255 248 255 214 150 94 69 77 104 126 177 189 204 211 211 209 210 212 221
158 149 137 125 110 88 64 47 63 74 89 95 94 91 90 92 87 88 91 92 92 91 88 87 89 89 88 87 85 84 83 83 79 78 77 76 75 74 73 72 72 71 70 69 68 67 66 65 61 61 60 59 57 56 55 54 55 55 55 55 55 55 55 55 58 58 58 58 58 58 58 58 58 58 58 58 58 58 58 58 58 58 58 58 58 58 58 58 61 62 63 64 66 67 68 68 72 72 72 72 72 72 72 72 79 79 79 79 79 79 79 79 79 81 84 87 92 95 98 100 83 61 58 104 183 246 255 255 255 208 126 83 109 164 189 183 190 195 203 211 215 216 215 213 219
143 131 114 99 88 75 61 51 63 74 89 95 94 91 90 92 87 88 91 92 92 91 88 87 89 89 88 87 85 84 83 83 79 78 77 76 75 74 73 72 72 71 70 69 68 67 66 65 62 61 60 59 58 56 55 55 55 55 55 55 55 55 55 55 58 58 58 58 58 58 58 58 58 58 58 58 58 58 58 58 58 58 58 58 58 58 58 58 62 62 63 65 66 67 68 69 72 72 72 72 72 72 72 72 79 79 79 79 79 79 79 79 79 81 84 87 92 95 98 100 80 56 48 88 161 218 235 228 226 175 109 86 130 199 233 231 204 208 214 219 222 222 220 218 219
117 103 84 70 65 62 57 53 63 74 89 95 94 91 90 92 87 88 91 92 92 91 88 87 89 89 88 87 85 84 83 83 79 78 77 76 75 74 73 72 72 71 70 69 68 67 66 65 63 62 61 60 59 57 56 56 55 55 55 55 55 55 55 55 58 58 58 58 58 58 58 58 58 58 58 58 58 58 58 58 58 58 58 58 58 58 58 58 63 63 64 66 67 68 69 70 72 72 72 72 72 72 72 72 79 79 79 79 79 79 79 79 79 81 84 87 92 95 98 100 85 58 45 79 144 194 206 196 181 140 90 84 143 221 255 255 223 224 227 229 229 227 225 223 220
88 78 66 59 59 59 55 51 63 74 89 95 94 91 90 92 87 88 91 92 92 91 88 87 89 89 88 87 85 84 83 83 79 78 77 76 75 74 73 72 72 71 70 69 68 67 66 65 64 64 63 61 60 59 58 57 55 55 55 55 55 55 55 55 58 58 58 58 58 58 58 58 58 58 58 58 58 58 58 58 58 58 58 58 58 58 58 58 64 65 66 67 68 70 71 71 72 72 72 72 72 72 72 72 79 79 79 79 79 79 79 79 79 81 84 87 92 95 98 100 95 67 51 82 143 191 200 189 162 125 81 80 140 216 252 249 236 236 235 233 230 227 224 223 222
